#
#
#
#                 UNIFIED ELECTRON-ION RECOMBINATION RATES
#                 _________________________________________
#
# The total electron-ion recombination rate coefficients are calculated 
#using a theoretical formulation that takes account of the radiative 
#and the dielectronic recombination (RR + DR) in a unified manner. 
#The ab initio calculations employ the  
#close coupling approximation using the R-matrix method for
#photo-recombination and DR. Among the general references describing the 
#method and the results are: Nahar and Pradhan, Phys.Rev.Letters, 68,1488 
#(1992), Phys. Rev. A, 49,1816 (1994), and Astrophysical Journal, 447,966,1995.
#Other references are given at the head of each table.
#
#The following two tables present the close coupling recombination 
#rates for all ionization stages of Carbon and Nitrogen, and for Oxygen.
# 
#
#TOTAL ELECTRON-ION RECOMBINATION RATE COEFFICIENTS FOR CARBON AND NITROGEN IONS
#-------------------------------------------------------------------------------
#
#-------------------------------------------------------------------------
#Ref: "Electron-ion recombination rate coefficients, photoionization cross
#sections, and ionization fractions for astrophysically abundant elements
#I. Carbon and Nitrogen", Sultana N. Nahar and Anil K. Pradhan,
#Astrophys. J. Suppl. 111, 339 (1997)
#-------------------------------------------------------------------------
#
#
#
#                             TABLE
#
#
# Number of Temperatures (Kelvin) =  81
# Total RRC (recombination rate coefficients) values are in cm**3/sec
#
# _____________________________________________________________________
#
# logT   C I      C II     C III    IV      C V      C VI   
# _____________________________________________________________________
#
 1.0  3.61E-11 1.63E-10 9.01E-10 6.03E-10 1.05E-09 1.60E-09
 1.1  3.15E-11 1.42E-10 8.12E-10 5.29E-10 9.25E-10 1.41E-09
 1.2  2.75E-11 1.25E-10 7.35E-10 4.65E-10 8.13E-10 1.24E-09
 1.3  2.40E-11 1.09E-10 6.68E-10 4.07E-10 7.14E-10 1.09E-09
 1.4  2.10E-11 9.56E-11 6.09E-10 3.56E-10 6.28E-10 9.60E-10
 1.5  1.83E-11 8.35E-11 5.57E-10 3.12E-10 5.51E-10 8.44E-10
 1.6  1.59E-11 7.30E-11 5.09E-10 2.72E-10 4.83E-10 7.41E-10
 1.7  1.39E-11 6.38E-11 4.62E-10 2.38E-10 4.23E-10 6.50E-10
 1.8  1.21E-11 5.56E-11 4.16E-10 2.07E-10 3.70E-10 5.71E-10
 1.9  1.05E-11 4.86E-11 3.70E-10 1.81E-10 3.24E-10 5.00E-10
 2.0  9.13E-12 4.24E-11 3.23E-10 1.58E-10 2.83E-10 4.38E-10
 2.1  7.94E-12 3.70E-11 2.78E-10 1.37E-10 2.47E-10 3.83E-10
 2.2  6.89E-12 3.22E-11 2.35E-10 1.20E-10 2.16E-10 3.35E-10
 2.3  5.99E-12 2.81E-11 1.96E-10 1.04E-10 1.88E-10 2.93E-10
 2.4  5.20E-12 2.45E-11 1.61E-10 9.03E-11 1.64E-10 2.56E-10
 2.5  4.51E-12 2.13E-11 1.32E-10 7.86E-11 1.43E-10 2.24E-10
 2.6  3.91E-12 1.85E-11 1.07E-10 6.82E-11 1.25E-10 1.95E-10
 2.7  3.39E-12 1.61E-11 8.69E-11 5.91E-11 1.09E-10 1.70E-10
 2.8  2.94E-12 1.41E-11 7.09E-11 5.13E-11 9.46E-11 1.48E-10
 2.9  2.55E-12 1.26E-11 5.86E-11 4.45E-11 8.22E-11 1.29E-10
 3.0  2.21E-12 1.16E-11 4.97E-11 3.85E-11 7.15E-11 1.13E-10
 3.1  1.91E-12 1.12E-11 4.37E-11 3.33E-11 6.21E-11 9.80E-11
 3.2  1.66E-12 1.12E-11 3.97E-11 2.89E-11 5.39E-11 8.53E-11
 3.3  1.44E-12 1.13E-11 3.69E-11 2.50E-11 4.67E-11 7.42E-11
 3.4  1.26E-12 1.12E-11 3.43E-11 2.16E-11 4.05E-11 6.44E-11
 3.5  1.10E-12 1.08E-11 3.15E-11 1.87E-11 3.51E-11 5.60E-11
 3.6  9.72E-13 1.00E-11 2.83E-11 1.61E-11 3.03E-11 4.86E-11
 3.7  8.67E-13 9.03E-12 2.48E-11 1.39E-11 2.63E-11 4.21E-11
 3.8  7.85E-13 7.91E-12 2.13E-11 1.20E-11 2.27E-11 3.65E-11
 3.9  7.25E-13 6.86E-12 1.80E-11 1.03E-11 1.96E-11 3.16E-11
 4.0  6.90E-13 6.02E-12 1.53E-11 8.83E-12 1.69E-11 2.73E-11
 4.1  7.05E-13 5.49E-12 1.38E-11 7.55E-12 1.45E-11 2.36E-11
 4.2  8.50E-13 5.40E-12 1.42E-11 6.44E-12 1.25E-11 2.04E-11
 4.3  1.30E-12 6.02E-12 1.73E-11 5.48E-12 1.07E-11 1.76E-11
 4.4  2.26E-12 7.86E-12 2.28E-11 4.65E-12 9.23E-12 1.52E-11
 4.5  3.84E-12 1.14E-11 2.91E-11 3.94E-12 7.92E-12 1.31E-11
 4.6  5.90E-12 1.63E-11 3.46E-11 3.33E-12 6.78E-12 1.13E-11
 4.7  8.02E-12 2.17E-11 3.77E-11 2.80E-12 5.80E-12 9.67E-12
 4.8  9.72E-12 2.62E-11 3.79E-11 2.35E-12 4.95E-12 8.30E-12
 4.9  1.07E-11 2.88E-11 3.58E-11 1.97E-12 4.22E-12 7.12E-12
 5.0  1.08E-11 2.91E-11 3.20E-11 1.65E-12 3.60E-12 6.09E-12
 5.1  1.01E-11 2.74E-11 2.74E-11 1.38E-12 3.06E-12 5.21E-12
 5.2  9.03E-12 2.45E-11 2.27E-11 1.14E-12 2.60E-12 4.45E-12
 5.3  7.69E-12 2.08E-11 1.83E-11 9.50E-13 2.20E-12 3.79E-12
 5.4  6.32E-12 1.71E-11 1.45E-11 7.86E-13 1.86E-12 3.23E-12
 5.5  5.05E-12 1.37E-11 1.13E-11 6.52E-13 1.57E-12 2.74E-12
 5.6  3.95E-12 1.06E-11 8.65E-12 5.59E-13 1.34E-12 2.32E-12
 5.7  3.04E-12 8.14E-12 6.56E-12 5.41E-13 1.19E-12 1.96E-12
 5.8  2.31E-12 6.13E-12 4.92E-12 6.49E-13 1.19E-12 1.66E-12
 5.9  1.75E-12 4.56E-12 3.66E-12 9.10E-13 1.42E-12 1.40E-12
 6.0  1.32E-12 3.36E-12 2.71E-12 1.29E-12 1.90E-12 1.17E-12
 6.1  9.93E-13 2.46E-12 1.99E-12 1.68E-12 2.53E-12 9.81E-13
 6.2  7.53E-13 1.79E-12 1.46E-12 1.98E-12 3.12E-12 8.19E-13
 6.3  5.74E-13 1.30E-12 1.06E-12 2.13E-12 3.53E-12 6.81E-13
 6.4  4.36E-13 9.36E-13 7.72E-13 2.12E-12 3.67E-12 5.64E-13
 6.5  3.35E-13 6.73E-13 5.60E-13 1.96E-12 3.54E-12 4.65E-13
 6.6  2.59E-13 4.79E-13 4.07E-13 1.73E-12 3.22E-12 3.82E-13
 6.7  2.00E-13 3.43E-13 2.96E-13 1.45E-12 2.79E-12 3.12E-13
 6.8  1.55E-13 2.45E-13 2.10E-13 1.18E-12 2.32E-12 2.54E-13
 6.9  1.20E-13 1.75E-13 1.52E-13 9.34E-13 1.87E-12 2.05E-13
 7.0  9.28E-14 1.25E-13 1.10E-13 7.22E-13 1.47E-12 1.65E-13
 7.1  7.15E-14 8.88E-14 7.97E-14 5.49E-13 1.13E-12 1.32E-13
 7.2  5.49E-14 6.33E-14 5.78E-14 4.12E-13 8.59E-13 1.05E-13
 7.3  4.20E-14 4.51E-14 4.19E-14 3.05E-13 6.43E-13 8.25E-14
 7.4  3.21E-14 3.21E-14 3.04E-14 2.24E-13 4.77E-13 6.47E-14
 7.5  2.44E-14 2.29E-14 2.21E-14 1.64E-13 3.51E-13 5.05E-14
 7.6  1.85E-14 1.63E-14 1.61E-14 1.18E-13 2.57E-13 3.92E-14
 7.7  1.39E-14 1.16E-14 1.17E-14 8.51E-14 1.87E-13 3.01E-14
 7.8  1.05E-14 8.28E-15 8.48E-15 6.13E-14 1.33E-13 2.31E-14
 7.9  7.89E-15 5.91E-15 6.17E-15 4.40E-14 9.64E-14 1.76E-14
 8.0  5.91E-15 4.22E-15 4.49E-15 3.14E-14 6.95E-14 1.33E-14
 8.1  4.42E-15 3.02E-15 3.27E-15 2.25E-14 4.98E-14 1.01E-14
 8.2  3.30E-15 2.16E-15 2.39E-15 1.61E-14 3.57E-14 7.56E-15
 8.3  2.46E-15 1.55E-15 1.74E-15 1.15E-14 2.56E-14 5.65E-15
 8.4  1.83E-15 1.12E-15 1.28E-15 8.17E-15 1.84E-14 4.21E-15
 8.5  1.36E-15 8.05E-16 9.36E-16 5.82E-15 1.32E-14 3.12E-15
 8.6  1.01E-15 5.83E-16 6.89E-16 4.15E-15 9.43E-15 2.30E-15
 8.7  7.53E-16 4.24E-16 5.09E-16 2.96E-15 6.76E-15 1.69E-15
 8.8  5.60E-16 3.10E-16 3.77E-16 2.11E-15 4.84E-15 1.24E-15
 8.9  4.17E-16 2.28E-16 2.81E-16 1.50E-15 3.48E-15 9.11E-16
 9.0  3.10E-16 1.69E-16 2.11E-16 1.07E-15 2.50E-15 6.63E-16
