# b"Cross sections for OH+\nConverted from earlier Leiden database cross sections by Alan Heays 2016-02-24\nPhotodissociation source: OH+ P.D. CF. Saxon & Liu '86\nLines represented with gaussian of width 1.0 nm FWHM\nwavelength: (nm)\nphotoabsorption:    cross section (cm2)\nphotodissociation:  cross section (cm2)"
# 
# wavelength   photoabsorption photodissociation
  91.2000000       2.77468e-18       2.77468e-18
  91.3000000       2.74935e-18       2.74935e-18
  91.4000000       2.71558e-18       2.71558e-18
  91.5000000       2.68182e-18       2.68182e-18
  91.6000000       2.64805e-18       2.64805e-18
  91.7000000       2.61429e-18       2.61429e-18
  91.8000000       2.58052e-18       2.58052e-18
  91.9000000       2.54675e-18       2.54675e-18
  92.0000000       2.51299e-18       2.51299e-18
  92.1000000       2.47922e-18       2.47922e-18
  92.2000000       2.44545e-18       2.44545e-18
  92.3000000       2.41169e-18       2.41169e-18
  92.4000000       2.37792e-18       2.37792e-18
  92.5000000       2.34416e-18       2.34416e-18
  92.6000000       2.31039e-18       2.31039e-18
  92.7000000       2.27662e-18       2.27662e-18
  92.8000000       2.24286e-18       2.24286e-18
  92.9000000       2.20909e-18       2.20909e-18
  93.0000000       2.17532e-18       2.17532e-18
  93.1000000       2.14156e-18       2.14156e-18
  93.2000000       2.10779e-18       2.10779e-18
  93.3000000       2.07403e-18       2.07403e-18
  93.4000000       2.04026e-18       2.04026e-18
  93.5000000       2.00649e-18       2.00649e-18
  93.6000000       1.97273e-18       1.97273e-18
  93.7000000       1.93896e-18       1.93896e-18
  93.8000000       1.90519e-18       1.90519e-18
  93.9000000       1.87143e-18       1.87143e-18
  94.0000000       1.83766e-18       1.83766e-18
  94.1000000       1.80390e-18       1.80390e-18
  94.2000000       1.77013e-18       1.77013e-18
  94.3000000       1.73636e-18       1.73636e-18
  94.4000000       1.70260e-18       1.70260e-18
  94.5000000       1.66883e-18       1.66883e-18
  94.6000000       1.63506e-18       1.63506e-18
  94.7000000       1.60130e-18       1.60130e-18
  94.8000000       1.56753e-18       1.56753e-18
  94.9000000       1.53377e-18       1.53377e-18
  95.0000000       1.50222e-18       1.50222e-18
  95.1000000       1.48400e-18       1.48400e-18
  95.2000000       1.46800e-18       1.46800e-18
  95.3000000       1.45200e-18       1.45200e-18
  95.4000000       1.43600e-18       1.43600e-18
  95.5000000       1.42000e-18       1.42000e-18
  95.6000000       1.40400e-18       1.40400e-18
  95.7000000       1.38800e-18       1.38800e-18
  95.8000000       1.37200e-18       1.37200e-18
  95.9000000       1.35600e-18       1.35600e-18
  96.0000000       1.34000e-18       1.34000e-18
  96.1000000       1.32400e-18       1.32400e-18
  96.2000000       1.30800e-18       1.30800e-18
  96.3000000       1.29200e-18       1.29200e-18
  96.4000000       1.27600e-18       1.27600e-18
  96.5000000       1.26000e-18       1.26000e-18
  96.6000000       1.24400e-18       1.24400e-18
  96.7000000       1.22800e-18       1.22800e-18
  96.8000000       1.21200e-18       1.21200e-18
  96.9000000       1.19600e-18       1.19600e-18
  97.0000000       1.18000e-18       1.18000e-18
  97.1000000       1.16400e-18       1.16400e-18
  97.2000000       1.14800e-18       1.14800e-18
  97.3000000       1.13200e-18       1.13200e-18
  97.4000000       1.11600e-18       1.11600e-18
  97.5000000       1.10000e-18       1.10000e-18
  97.6000000       1.08400e-18       1.08400e-18
  97.7000000       1.06800e-18       1.06800e-18
  97.8000000       1.05200e-18       1.05200e-18
  97.9000000       1.03600e-18       1.03600e-18
  98.0000000       1.02000e-18       1.02000e-18
  98.1000000       1.00400e-18       1.00400e-18
  98.2000000       9.88000e-19       9.88000e-19
  98.3000000       9.72000e-19       9.72000e-19
  98.4000000       9.56000e-19       9.56000e-19
  98.5000000       9.40000e-19       9.40000e-19
  98.6000000       9.24000e-19       9.24000e-19
  98.7000000       9.08000e-19       9.08000e-19
  98.8000000       8.92000e-19       8.92000e-19
  98.9000000       8.76000e-19       8.76000e-19
  99.0000000       8.60000e-19       8.60000e-19
  99.1000000       8.44000e-19       8.44000e-19
  99.2000000       8.28000e-19       8.28000e-19
  99.3000000       8.12000e-19       8.12000e-19
  99.4000000       7.96000e-19       7.96000e-19
  99.5000000       7.80000e-19       7.80000e-19
  99.6000000       7.64000e-19       7.64000e-19
  99.7000000       7.48000e-19       7.48000e-19
  99.8000000       7.32000e-19       7.32000e-19
  99.9000000       7.16000e-19       7.16000e-19
 100.0000000       7.01000e-19       7.01000e-19
 100.1000000       6.92000e-19       6.92000e-19
 100.2000000       6.84000e-19       6.84000e-19
 100.3000000       6.76000e-19       6.76000e-19
 100.4000000       6.68000e-19       6.68000e-19
 100.5000000       6.60000e-19       6.60000e-19
 100.6000000       6.52000e-19       6.52000e-19
 100.7000000       6.44000e-19       6.44000e-19
 100.8000000       6.36000e-19       6.36000e-19
 100.9000000       6.28000e-19       6.28000e-19
 101.0000000       6.20000e-19       6.20000e-19
 101.1000000       6.12000e-19       6.12000e-19
 101.2000000       6.04000e-19       6.04000e-19
 101.3000000       5.96000e-19       5.96000e-19
 101.4000000       5.88000e-19       5.88000e-19
 101.5000000       5.80000e-19       5.80000e-19
 101.6000000       5.72000e-19       5.72000e-19
 101.7000000       5.64000e-19       5.64000e-19
 101.8000000       5.56000e-19       5.56000e-19
 101.9000000       5.48000e-19       5.48000e-19
 102.0000000       5.40000e-19       5.40000e-19
 102.1000000       5.32000e-19       5.32000e-19
 102.2000000       5.24000e-19       5.24000e-19
 102.3000000       5.16000e-19       5.16000e-19
 102.4000000       5.08000e-19       5.08000e-19
 102.5000000       5.00000e-19       5.00000e-19
 102.6000000       4.92000e-19       4.92000e-19
 102.7000000       4.84000e-19       4.84000e-19
 102.8000000       4.76000e-19       4.76000e-19
 102.9000000       4.68000e-19       4.68000e-19
 103.0000000       4.60000e-19       4.60000e-19
 103.1000000       4.52000e-19       4.52000e-19
 103.2000000       4.44000e-19       4.44000e-19
 103.3000000       4.36000e-19       4.36000e-19
 103.4000000       4.28000e-19       4.28000e-19
 103.5000000       4.20000e-19       4.20000e-19
 103.6000000       4.12000e-19       4.12000e-19
 103.7000000       4.04000e-19       4.04000e-19
 103.8000000       3.96000e-19       3.96000e-19
 103.9000000       3.88000e-19       3.88000e-19
 104.0000000       3.80000e-19       3.80000e-19
 104.1000000       3.72000e-19       3.72000e-19
 104.2000000       3.64000e-19       3.64000e-19
 104.3000000       3.56000e-19       3.56000e-19
 104.4000000       3.48000e-19       3.48000e-19
 104.5000000       3.40000e-19       3.40000e-19
 104.6000000       3.32000e-19       3.32000e-19
 104.7000000       3.24000e-19       3.24000e-19
 104.8000000       3.16000e-19       3.16000e-19
 104.9000000       3.08000e-19       3.08000e-19
 105.0000000       3.00750e-19       3.00750e-19
 105.1000000       2.98000e-19       2.98000e-19
 105.2000000       2.96000e-19       2.96000e-19
 105.3000000       2.94000e-19       2.94000e-19
 105.4000000       2.92000e-19       2.92000e-19
 105.5000000       2.90000e-19       2.90000e-19
 105.6000000       2.88000e-19       2.88000e-19
 105.7000000       2.86000e-19       2.86000e-19
 105.8000000       2.84000e-19       2.84000e-19
 105.9000000       2.82000e-19       2.82000e-19
 106.0000000       2.80000e-19       2.80000e-19
 106.1000000       2.78000e-19       2.78000e-19
 106.2000000       2.76000e-19       2.76000e-19
 106.3000000       2.74000e-19       2.74000e-19
 106.4000000       2.72000e-19       2.72000e-19
 106.5000000       2.70000e-19       2.70000e-19
 106.6000000       2.68000e-19       2.68000e-19
 106.7000000       2.66000e-19       2.66000e-19
 106.8000000       2.64000e-19       2.64000e-19
 106.9000000       2.62000e-19       2.62000e-19
 107.0000000       2.60000e-19       2.60000e-19
 107.1000000       2.58000e-19       2.58000e-19
 107.2000000       2.56000e-19       2.56000e-19
 107.3000000       2.54000e-19       2.54000e-19
 107.4000000       2.52000e-19       2.52000e-19
 107.5000000       2.50000e-19       2.50000e-19
 107.6000000       2.48000e-19       2.48000e-19
 107.7000000       2.46000e-19       2.46000e-19
 107.8000000       2.44000e-19       2.44000e-19
 107.9000000       2.42000e-19       2.42000e-19
 108.0000000       2.40000e-19       2.40000e-19
 108.1000000       2.38000e-19       2.38000e-19
 108.2000000       2.36000e-19       2.36000e-19
 108.3000000       2.34000e-19       2.34000e-19
 108.4000000       2.32000e-19       2.32000e-19
 108.5000000       2.30000e-19       2.30000e-19
 108.6000000       2.28000e-19       2.28000e-19
 108.7000000       2.26000e-19       2.26000e-19
 108.8000000       2.24000e-19       2.24000e-19
 108.9000000       2.22000e-19       2.22000e-19
 109.0000000       2.20000e-19       2.20000e-19
 109.1000000       2.18000e-19       2.18000e-19
 109.2000000       2.16000e-19       2.16000e-19
 109.3000000       2.14000e-19       2.14000e-19
 109.4000000       2.12000e-19       2.12000e-19
 109.5000000       2.10000e-19       2.10000e-19
 109.6000000       2.08000e-19       2.08000e-19
 109.7000000       2.06000e-19       2.06000e-19
 109.8000000       2.04000e-19       2.04000e-19
 109.9000000       2.02000e-19       2.02000e-19
 110.0000000       1.97750e-19       1.97750e-19
 110.1000000       1.80000e-19       1.80000e-19
 110.2000000       1.60000e-19       1.60000e-19
 110.3000000       1.40000e-19       1.40000e-19
 110.4000000       1.20000e-19       1.20000e-19
 110.5000000       1.00000e-19       1.00000e-19
 110.6000000       8.00000e-20       8.00000e-20
 110.7000000       6.00000e-20       6.00000e-20
 110.8000000       4.00000e-20       4.00000e-20
 110.9000000       2.00000e-20       2.00000e-20
 111.0000000       2.50000e-21       2.50000e-21
 111.1000000       3.20000e-27       3.20000e-27
 111.2000000       6.40000e-27       6.40000e-27
 111.3000000       9.60001e-27       9.60001e-27
 111.4000000       1.28000e-26       1.28000e-26
 111.5000000       1.60000e-26       1.60000e-26
 111.6000000       1.92000e-26       1.92000e-26
 111.7000000       2.24000e-26       2.24000e-26
 111.8000000       2.56000e-26       2.56000e-26
 111.9000000       2.88000e-26       2.88000e-26
 112.0000000       3.20000e-26       3.20000e-26
 112.1000000       3.52000e-26       3.52000e-26
 112.2000000       3.84000e-26       3.84000e-26
 112.3000000       4.16000e-26       4.16000e-26
 112.4000000       4.48000e-26       4.48000e-26
 112.5000000       4.80000e-26       4.80000e-26
 112.6000000       5.12000e-26       5.12000e-26
 112.7000000       5.44000e-26       5.44000e-26
 112.8000000       5.76000e-26       5.76000e-26
 112.9000000       6.08000e-26       6.08000e-26
 113.0000000       6.40000e-26       6.40000e-26
 113.1000000       6.72000e-26       6.72000e-26
 113.2000000       7.04000e-26       7.04000e-26
 113.3000000       7.36000e-26       7.36000e-26
 113.4000000       7.68000e-26       7.68000e-26
 113.5000000       8.00000e-26       8.00000e-26
 113.6000000       8.32000e-26       8.32000e-26
 113.7000000       8.64000e-26       8.64000e-26
 113.8000000       8.96000e-26       8.96000e-26
 113.9000000       9.28000e-26       9.28000e-26
 114.0000000       9.60000e-26       9.60000e-26
 114.1000000       9.92000e-26       9.92000e-26
 114.2000000       1.02400e-25       1.02400e-25
 114.3000000       1.05600e-25       1.05600e-25
 114.4000000       1.08800e-25       1.08800e-25
 114.5000000       1.12000e-25       1.12000e-25
 114.6000000       1.15200e-25       1.15200e-25
 114.7000000       1.18400e-25       1.18400e-25
 114.8000000       1.21600e-25       1.21600e-25
 114.9000000       1.24800e-25       1.24800e-25
 115.0000000       1.28000e-25       1.28000e-25
 115.1000000       1.31200e-25       1.31200e-25
 115.2000000       1.34400e-25       1.34400e-25
 115.3000000       1.37600e-25       1.37600e-25
 115.4000000       1.40800e-25       1.40800e-25
 115.5000000       1.44000e-25       1.44000e-25
 115.6000000       1.47200e-25       1.47200e-25
 115.7000000       1.50400e-25       1.50400e-25
 115.8000000       1.53600e-25       1.53600e-25
 115.9000000       1.56800e-25       1.56800e-25
 116.0000000       1.60000e-25       1.60000e-25
 116.1000000       1.63200e-25       1.63200e-25
 116.2000000       1.66400e-25       1.66400e-25
 116.3000000       1.69600e-25       1.69600e-25
 116.4000000       1.72800e-25       1.72800e-25
 116.5000000       1.76000e-25       1.76000e-25
 116.6000000       1.79200e-25       1.79200e-25
 116.7000000       1.82400e-25       1.82400e-25
 116.8000000       1.85600e-25       1.85600e-25
 116.9000000       1.88800e-25       1.88800e-25
 117.0000000       1.92000e-25       1.92000e-25
 117.1000000       1.95200e-25       1.95200e-25
 117.2000000       1.98400e-25       1.98400e-25
 117.3000000       2.01600e-25       2.01600e-25
 117.4000000       2.04800e-25       2.04800e-25
 117.5000000       2.08000e-25       2.08000e-25
 117.6000000       2.11200e-25       2.11200e-25
 117.7000000       2.14400e-25       2.14400e-25
 117.8000000       2.17600e-25       2.17600e-25
 117.9000000       2.20800e-25       2.20800e-25
 118.0000000       2.24000e-25       2.24000e-25
 118.1000000       2.27200e-25       2.27200e-25
 118.2000000       2.30400e-25       2.30400e-25
 118.3000000       2.33600e-25       2.33600e-25
 118.4000000       2.36800e-25       2.36800e-25
 118.5000000       2.40000e-25       2.40000e-25
 118.6000000       2.43200e-25       2.43200e-25
 118.7000000       2.46400e-25       2.46400e-25
 118.8000000       2.49600e-25       2.49600e-25
 118.9000000       2.52800e-25       2.52800e-25
 119.0000000       2.56000e-25       2.56000e-25
 119.1000000       2.59200e-25       2.59200e-25
 119.2000000       2.62400e-25       2.62400e-25
 119.3000000       2.65600e-25       2.65600e-25
 119.4000000       2.68800e-25       2.68800e-25
 119.5000000       2.72000e-25       2.72000e-25
 119.6000000       2.75200e-25       2.75200e-25
 119.7000000       2.78400e-25       2.78400e-25
 119.8000000       2.81600e-25       2.81600e-25
 119.9000000       2.84800e-25       2.84800e-25
 120.0000000       2.88000e-25       2.88000e-25
 120.1000000       2.91200e-25       2.91200e-25
 120.2000000       2.94400e-25       2.94400e-25
 120.3000000       2.97600e-25       2.97600e-25
 120.4000000       3.00800e-25       3.00800e-25
 120.5000000       3.04000e-25       3.04000e-25
 120.6000000       3.07200e-25       3.07200e-25
 120.7000000       3.10400e-25       3.10400e-25
 120.8000000       3.13600e-25       3.13600e-25
 120.9000000       3.16800e-25       3.16800e-25
 121.0000000       3.20000e-25       3.20000e-25
 121.1000000       3.23200e-25       3.23200e-25
 121.2000000       3.26400e-25       3.26400e-25
 121.3000000       3.29600e-25       3.29600e-25
 121.4000000       3.32800e-25       3.32800e-25
 121.5000000       3.36000e-25       3.36000e-25
 121.6000000       3.39200e-25       3.39200e-25
 121.7000000       3.42400e-25       3.42400e-25
 121.8000000       3.45600e-25       3.45600e-25
 121.9000000       3.48800e-25       3.48800e-25
 122.0000000       3.52000e-25       3.52000e-25
 122.1000000       3.55200e-25       3.55200e-25
 122.2000000       3.58400e-25       3.58400e-25
 122.3000000       3.61600e-25       3.61600e-25
 122.4000000       3.64800e-25       3.64800e-25
 122.5000000       3.68000e-25       3.68000e-25
 122.6000000       3.71200e-25       3.71200e-25
 122.7000000       3.74400e-25       3.74400e-25
 122.8000000       3.77600e-25       3.77600e-25
 122.9000000       3.80800e-25       3.80800e-25
 123.0000000       3.84000e-25       3.84000e-25
 123.1000000       3.87200e-25       3.87200e-25
 123.2000000       3.90400e-25       3.90400e-25
 123.3000000       3.93600e-25       3.93600e-25
 123.4000000       3.96800e-25       3.96800e-25
 123.5000000       4.00000e-25       4.00000e-25
 123.6000000       4.03200e-25       4.03200e-25
 123.7000000       4.06400e-25       4.06400e-25
 123.8000000       4.09600e-25       4.09600e-25
 123.9000000       4.12800e-25       4.12800e-25
 124.0000000       4.16000e-25       4.16000e-25
 124.1000000       4.19200e-25       4.19200e-25
 124.2000000       4.22400e-25       4.22400e-25
 124.3000000       4.25600e-25       4.25600e-25
 124.4000000       4.28800e-25       4.28800e-25
 124.5000000       4.32000e-25       4.32000e-25
 124.6000000       4.35200e-25       4.35200e-25
 124.7000000       4.38400e-25       4.38400e-25
 124.8000000       4.41600e-25       4.41600e-25
 124.9000000       4.44800e-25       4.44800e-25
 125.0000000       4.48000e-25       4.48000e-25
 125.1000000       4.51200e-25       4.51200e-25
 125.2000000       4.54400e-25       4.54400e-25
 125.3000000       4.57600e-25       4.57600e-25
 125.4000000       4.60800e-25       4.60800e-25
 125.5000000       4.64000e-25       4.64000e-25
 125.6000000       4.67200e-25       4.67200e-25
 125.7000000       4.70400e-25       4.70400e-25
 125.8000000       4.73600e-25       4.73600e-25
 125.9000000       4.76800e-25       4.76800e-25
 126.0000000       4.80000e-25       4.80000e-25
 126.1000000       4.83200e-25       4.83200e-25
 126.2000000       4.86400e-25       4.86400e-25
 126.3000000       4.89600e-25       4.89600e-25
 126.4000000       4.92800e-25       4.92800e-25
 126.5000000       4.96000e-25       4.96000e-25
 126.6000000       4.99200e-25       4.99200e-25
 126.7000000       5.02400e-25       5.02400e-25
 126.8000000       5.05600e-25       5.05600e-25
 126.9000000       5.08800e-25       5.08800e-25
 127.0000000       5.12000e-25       5.12000e-25
 127.1000000       5.15200e-25       5.15200e-25
 127.2000000       5.18400e-25       5.18400e-25
 127.3000000       5.21600e-25       5.21600e-25
 127.4000000       5.24800e-25       5.24800e-25
 127.5000000       5.28000e-25       5.28000e-25
 127.6000000       5.31200e-25       5.31200e-25
 127.7000000       5.34400e-25       5.34400e-25
 127.8000000       5.37600e-25       5.37600e-25
 127.9000000       5.40800e-25       5.40800e-25
 128.0000000       5.44000e-25       5.44000e-25
 128.1000000       5.47200e-25       5.47200e-25
 128.2000000       5.50400e-25       5.50400e-25
 128.3000000       5.53600e-25       5.53600e-25
 128.4000000       5.56800e-25       5.56800e-25
 128.5000000       5.60000e-25       5.60000e-25
 128.6000000       5.63200e-25       5.63200e-25
 128.7000000       5.66400e-25       5.66400e-25
 128.8000000       5.69600e-25       5.69600e-25
 128.9000000       5.72800e-25       5.72800e-25
 129.0000000       5.76000e-25       5.76000e-25
 129.1000000       5.79200e-25       5.79200e-25
 129.2000000       5.82400e-25       5.82400e-25
 129.3000000       5.85600e-25       5.85600e-25
 129.4000000       5.88800e-25       5.88800e-25
 129.5000000       5.92000e-25       5.92000e-25
 129.6000000       5.95200e-25       5.95200e-25
 129.7000000       5.98400e-25       5.98400e-25
 129.8000000       6.01600e-25       6.01600e-25
 129.9000000       6.04800e-25       6.04800e-25
 130.0000000       6.08000e-25       6.08000e-25
 130.1000000       6.11200e-25       6.11200e-25
 130.2000000       6.14400e-25       6.14400e-25
 130.3000000       6.17600e-25       6.17600e-25
 130.4000000       6.20800e-25       6.20800e-25
 130.5000000       6.24000e-25       6.24000e-25
 130.6000000       6.27200e-25       6.27200e-25
 130.7000000       6.30400e-25       6.30400e-25
 130.8000000       6.33600e-25       6.33600e-25
 130.9000000       6.36800e-25       6.36800e-25
 131.0000000       6.40000e-25       6.40000e-25
 131.1000000       6.43200e-25       6.43200e-25
 131.2000000       6.46400e-25       6.46400e-25
 131.3000000       6.49600e-25       6.49600e-25
 131.4000000       6.52800e-25       6.52800e-25
 131.5000000       6.56000e-25       6.56000e-25
 131.6000000       6.59200e-25       6.59200e-25
 131.7000000       6.62400e-25       6.62400e-25
 131.8000000       6.65600e-25       6.65600e-25
 131.9000000       6.68800e-25       6.68800e-25
 132.0000000       6.72000e-25       6.72000e-25
 132.1000000       6.75200e-25       6.75200e-25
 132.2000000       6.78400e-25       6.78400e-25
 132.3000000       6.81600e-25       6.81600e-25
 132.4000000       6.84800e-25       6.84800e-25
 132.5000000       6.88000e-25       6.88000e-25
 132.6000000       6.91200e-25       6.91200e-25
 132.7000000       6.94400e-25       6.94400e-25
 132.8000000       6.97600e-25       6.97600e-25
 132.9000000       7.00800e-25       7.00800e-25
 133.0000000       7.04000e-25       7.04000e-25
 133.1000000       7.07200e-25       7.07200e-25
 133.2000000       7.10400e-25       7.10400e-25
 133.3000000       7.13600e-25       7.13600e-25
 133.4000000       7.16800e-25       7.16800e-25
 133.5000000       7.20000e-25       7.20000e-25
 133.6000000       7.23200e-25       7.23200e-25
 133.7000000       7.26400e-25       7.26400e-25
 133.8000000       7.29600e-25       7.29600e-25
 133.9000000       7.32800e-25       7.32800e-25
 134.0000000       7.36000e-25       7.36000e-25
 134.1000000       7.39200e-25       7.39200e-25
 134.2000000       7.42400e-25       7.42400e-25
 134.3000000       7.45600e-25       7.45600e-25
 134.4000000       7.48800e-25       7.48800e-25
 134.5000000       7.52000e-25       7.52000e-25
 134.6000000       7.55200e-25       7.55200e-25
 134.7000000       7.58400e-25       7.58400e-25
 134.8000000       7.61600e-25       7.61600e-25
 134.9000000       7.64800e-25       7.64800e-25
 135.0000000       7.68000e-25       7.68000e-25
 135.1000000       7.71200e-25       7.71200e-25
 135.2000000       7.74400e-25       7.74400e-25
 135.3000000       7.77600e-25       7.77600e-25
 135.4000000       7.80800e-25       7.80800e-25
 135.5000000       7.84000e-25       7.84000e-25
 135.6000000       7.87200e-25       7.87200e-25
 135.7000000       7.90400e-25       7.90400e-25
 135.8000000       7.93600e-25       7.93600e-25
 135.9000000       7.96800e-25       7.96800e-25
 136.0000000       8.00000e-25       8.00000e-25
 136.1000000       8.03200e-25       8.03200e-25
 136.2000000       8.06400e-25       8.06400e-25
 136.3000000       8.09600e-25       8.09600e-25
 136.4000000       8.12800e-25       8.12800e-25
 136.5000000       8.16000e-25       8.16000e-25
 136.6000000       8.19200e-25       8.19200e-25
 136.7000000       8.22400e-25       8.22400e-25
 136.8000000       8.25600e-25       8.25600e-25
 136.9000000       8.28800e-25       8.28800e-25
 137.0000000       8.32000e-25       8.32000e-25
 137.1000000       8.35200e-25       8.35200e-25
 137.2000000       8.38400e-25       8.38400e-25
 137.3000000       8.41600e-25       8.41600e-25
 137.4000000       8.44800e-25       8.44800e-25
 137.5000000       8.48000e-25       8.48000e-25
 137.6000000       8.51200e-25       8.51200e-25
 137.7000000       8.54400e-25       8.54400e-25
 137.8000000       8.57600e-25       8.57600e-25
 137.9000000       8.60800e-25       8.60800e-25
 138.0000000       8.64000e-25       8.64000e-25
 138.1000000       8.67200e-25       8.67200e-25
 138.2000000       8.70400e-25       8.70400e-25
 138.3000000       8.73600e-25       8.73600e-25
 138.4000000       8.76800e-25       8.76800e-25
 138.5000000       8.80000e-25       8.80000e-25
 138.6000000       8.83200e-25       8.83200e-25
 138.7000000       8.86400e-25       8.86400e-25
 138.8000000       8.89600e-25       8.89600e-25
 138.9000000       8.92800e-25       8.92800e-25
 139.0000000       8.96000e-25       8.96000e-25
 139.1000000       8.99200e-25       8.99200e-25
 139.2000000       9.02400e-25       9.02400e-25
 139.3000000       9.05600e-25       9.05600e-25
 139.4000000       9.08800e-25       9.08800e-25
 139.5000000       9.12000e-25       9.12000e-25
 139.6000000       9.15200e-25       9.15200e-25
 139.7000000       9.18400e-25       9.18400e-25
 139.8000000       9.21600e-25       9.21600e-25
 139.9000000       9.24800e-25       9.24800e-25
 140.0000000       9.28000e-25       9.28000e-25
 140.1000000       9.31200e-25       9.31200e-25
 140.2000000       9.34400e-25       9.34400e-25
 140.3000000       9.37600e-25       9.37600e-25
 140.4000000       9.40800e-25       9.40800e-25
 140.5000000       9.44000e-25       9.44000e-25
 140.6000000       9.47200e-25       9.47200e-25
 140.7000000       9.50400e-25       9.50400e-25
 140.8000000       9.53600e-25       9.53600e-25
 140.9000000       9.56800e-25       9.56800e-25
 141.0000000       9.60000e-25       9.60000e-25
 141.1000000       9.63200e-25       9.63200e-25
 141.2000000       9.66400e-25       9.66400e-25
 141.3000000       9.69600e-25       9.69600e-25
 141.4000000       9.72800e-25       9.72800e-25
 141.5000000       9.76000e-25       9.76000e-25
 141.6000000       9.79200e-25       9.79200e-25
 141.7000000       9.82400e-25       9.82400e-25
 141.8000000       9.85600e-25       9.85600e-25
 141.9000000       9.88800e-25       9.88800e-25
 142.0000000       9.92000e-25       9.92000e-25
 142.1000000       9.95200e-25       9.95200e-25
 142.2000000       9.98400e-25       9.98400e-25
 142.3000000       1.00160e-24       1.00160e-24
 142.4000000       1.00480e-24       1.00480e-24
 142.5000000       1.00800e-24       1.00800e-24
 142.6000000       1.01120e-24       1.01120e-24
 142.7000000       1.01440e-24       1.01440e-24
 142.8000000       1.01760e-24       1.01760e-24
 142.9000000       1.02080e-24       1.02080e-24
 143.0000000       1.02400e-24       1.02400e-24
 143.1000000       1.02720e-24       1.02720e-24
 143.2000000       1.03040e-24       1.03040e-24
 143.3000000       1.03360e-24       1.03360e-24
 143.4000000       1.03680e-24       1.03680e-24
 143.5000000       1.04000e-24       1.04000e-24
 143.6000000       1.04320e-24       1.04320e-24
 143.7000000       1.04640e-24       1.04640e-24
 143.8000000       1.04960e-24       1.04960e-24
 143.9000000       1.05280e-24       1.05280e-24
 144.0000000       1.05600e-24       1.05600e-24
 144.1000000       1.05920e-24       1.05920e-24
 144.2000000       1.06240e-24       1.06240e-24
 144.3000000       1.06560e-24       1.06560e-24
 144.4000000       1.06880e-24       1.06880e-24
 144.5000000       1.07200e-24       1.07200e-24
 144.6000000       1.07520e-24       1.07520e-24
 144.7000000       1.07840e-24       1.07840e-24
 144.8000000       1.08160e-24       1.08160e-24
 144.9000000       1.08480e-24       1.08480e-24
 145.0000000       1.08800e-24       1.08800e-24
 145.1000000       1.09120e-24       1.09120e-24
 145.2000000       1.09440e-24       1.09440e-24
 145.3000000       1.09760e-24       1.09760e-24
 145.4000000       1.10080e-24       1.10080e-24
 145.5000000       1.10400e-24       1.10400e-24
 145.6000000       1.10720e-24       1.10720e-24
 145.7000000       1.11040e-24       1.11040e-24
 145.8000000       1.11360e-24       1.11360e-24
 145.9000000       1.11680e-24       1.11680e-24
 146.0000000       1.12000e-24       1.12000e-24
 146.1000000       1.12320e-24       1.12320e-24
 146.2000000       1.12640e-24       1.12640e-24
 146.3000000       1.12960e-24       1.12960e-24
 146.4000000       1.13280e-24       1.13280e-24
 146.5000000       1.13600e-24       1.13600e-24
 146.6000000       1.13920e-24       1.13920e-24
 146.7000000       1.14240e-24       1.14240e-24
 146.8000000       1.14560e-24       1.14560e-24
 146.9000000       1.14880e-24       1.14880e-24
 147.0000000       1.15200e-24       1.15200e-24
 147.1000000       1.15520e-24       1.15520e-24
 147.2000000       1.15840e-24       1.15840e-24
 147.3000000       1.16160e-24       1.16160e-24
 147.4000000       1.16480e-24       1.16480e-24
 147.5000000       1.16800e-24       1.16800e-24
 147.6000000       1.17120e-24       1.17120e-24
 147.7000000       1.17440e-24       1.17440e-24
 147.8000000       1.17760e-24       1.17760e-24
 147.9000000       1.18080e-24       1.18080e-24
 148.0000000       1.18400e-24       1.18400e-24
 148.1000000       1.18720e-24       1.18720e-24
 148.2000000       1.19040e-24       1.19040e-24
 148.3000000       1.19360e-24       1.19360e-24
 148.4000000       1.19680e-24       1.19680e-24
 148.5000000       1.20000e-24       1.20000e-24
 148.6000000       1.20320e-24       1.20320e-24
 148.7000000       1.20640e-24       1.20640e-24
 148.8000000       1.20960e-24       1.20960e-24
 148.9000000       1.21280e-24       1.21280e-24
 149.0000000       1.21600e-24       1.21600e-24
 149.1000000       1.21920e-24       1.21920e-24
 149.2000000       1.22240e-24       1.22240e-24
 149.3000000       1.22560e-24       1.22560e-24
 149.4000000       1.22880e-24       1.22880e-24
 149.5000000       1.23200e-24       1.23200e-24
 149.6000000       1.23520e-24       1.23520e-24
 149.7000000       1.23840e-24       1.23840e-24
 149.8000000       1.24160e-24       1.24160e-24
 149.9000000       1.24480e-24       1.24480e-24
 150.0000000       1.24800e-24       1.24800e-24
 150.1000000       1.25120e-24       1.25120e-24
 150.2000000       1.25440e-24       1.25440e-24
 150.3000000       1.25760e-24       1.25760e-24
 150.4000000       1.26080e-24       1.26080e-24
 150.5000000       1.26400e-24       1.26400e-24
 150.6000000       1.26720e-24       1.26720e-24
 150.7000000       1.27040e-24       1.27040e-24
 150.8000000       1.27360e-24       1.27360e-24
 150.9000000       1.27680e-24       1.27680e-24
 151.0000000       1.28000e-24       1.28000e-24
 151.1000000       1.28320e-24       1.28320e-24
 151.2000000       1.28640e-24       1.28640e-24
 151.3000000       1.28960e-24       1.28960e-24
 151.4000000       1.29280e-24       1.29280e-24
 151.5000000       1.29600e-24       1.29600e-24
 151.6000000       1.29920e-24       1.29920e-24
 151.7000000       1.30240e-24       1.30240e-24
 151.8000000       1.30560e-24       1.30560e-24
 151.9000000       1.30880e-24       1.30880e-24
 152.0000000       1.31200e-24       1.31200e-24
 152.1000000       1.31520e-24       1.31520e-24
 152.2000000       1.31840e-24       1.31840e-24
 152.3000000       1.32160e-24       1.32160e-24
 152.4000000       1.32480e-24       1.32480e-24
 152.5000000       1.32800e-24       1.32800e-24
 152.6000000       1.33120e-24       1.33120e-24
 152.7000000       1.33440e-24       1.33440e-24
 152.8000000       1.33760e-24       1.33760e-24
 152.9000000       1.34080e-24       1.34080e-24
 153.0000000       1.34400e-24       1.34400e-24
 153.1000000       1.34720e-24       1.34720e-24
 153.2000000       1.35040e-24       1.35040e-24
 153.3000000       1.35360e-24       1.35360e-24
 153.4000000       1.35680e-24       1.35680e-24
 153.5000000       1.36000e-24       1.36000e-24
 153.6000000       1.36320e-24       1.36320e-24
 153.7000000       1.36640e-24       1.36640e-24
 153.8000000       1.36960e-24       1.36960e-24
 153.9000000       1.37280e-24       1.37280e-24
 154.0000000       1.37600e-24       1.37600e-24
 154.1000000       1.37920e-24       1.37920e-24
 154.2000000       1.38240e-24       1.38240e-24
 154.3000000       1.38560e-24       1.38560e-24
 154.4000000       1.38880e-24       1.38880e-24
 154.5000000       1.39200e-24       1.39200e-24
 154.6000000       1.39520e-24       1.39520e-24
 154.7000000       1.39840e-24       1.39840e-24
 154.8000000       1.40160e-24       1.40160e-24
 154.9000000       1.40480e-24       1.40480e-24
 155.0000000       1.40800e-24       1.40800e-24
 155.1000000       1.41120e-24       1.41120e-24
 155.2000000       1.41440e-24       1.41440e-24
 155.3000000       1.41760e-24       1.41760e-24
 155.4000000       1.42080e-24       1.42080e-24
 155.5000000       1.42400e-24       1.42400e-24
 155.6000000       1.42720e-24       1.42720e-24
 155.7000000       1.43040e-24       1.43040e-24
 155.8000000       1.43360e-24       1.43360e-24
 155.9000000       1.43680e-24       1.43680e-24
 156.0000000       1.44188e-24       1.44188e-24
 156.1000000       1.45820e-24       1.45820e-24
 156.2000000       1.47640e-24       1.47640e-24
 156.3000000       1.49460e-24       1.49460e-24
 156.4000000       1.51280e-24       1.51280e-24
 156.5000000       1.53100e-24       1.53100e-24
 156.6000000       1.54920e-24       1.54920e-24
 156.7000000       1.56740e-24       1.56740e-24
 156.8000000       1.58560e-24       1.58560e-24
 156.9000000       1.60380e-24       1.60380e-24
 157.0000000       1.62200e-24       1.62200e-24
 157.1000000       1.64020e-24       1.64020e-24
 157.2000000       1.65840e-24       1.65840e-24
 157.3000000       1.67660e-24       1.67660e-24
 157.4000000       1.69480e-24       1.69480e-24
 157.5000000       1.71300e-24       1.71300e-24
 157.6000000       1.73120e-24       1.73120e-24
 157.7000000       1.74940e-24       1.74940e-24
 157.8000000       1.76760e-24       1.76760e-24
 157.9000000       1.78580e-24       1.78580e-24
 158.0000000       1.80400e-24       1.80400e-24
 158.1000000       1.82220e-24       1.82220e-24
 158.2000000       1.84040e-24       1.84040e-24
 158.3000000       1.85860e-24       1.85860e-24
 158.4000000       1.87680e-24       1.87680e-24
 158.5000000       1.89500e-24       1.89500e-24
 158.6000000       1.91320e-24       1.91320e-24
 158.7000000       1.93140e-24       1.93140e-24
 158.8000000       1.94960e-24       1.94960e-24
 158.9000000       1.96780e-24       1.96780e-24
 159.0000000       1.98600e-24       1.98600e-24
 159.1000000       2.00420e-24       2.00420e-24
 159.2000000       2.02240e-24       2.02240e-24
 159.3000000       2.04060e-24       2.04060e-24
 159.4000000       2.05880e-24       2.05880e-24
 159.5000000       2.07700e-24       2.07700e-24
 159.6000000       2.09520e-24       2.09520e-24
 159.7000000       2.11340e-24       2.11340e-24
 159.8000000       2.13160e-24       2.13160e-24
 159.9000000       2.14980e-24       2.14980e-24
 160.0000000       2.16800e-24       2.16800e-24
 160.1000000       2.18620e-24       2.18620e-24
 160.2000000       2.20440e-24       2.20440e-24
 160.3000000       2.22260e-24       2.22260e-24
 160.4000000       2.24080e-24       2.24080e-24
 160.5000000       2.25900e-24       2.25900e-24
 160.6000000       2.27720e-24       2.27720e-24
 160.7000000       2.29540e-24       2.29540e-24
 160.8000000       2.31360e-24       2.31360e-24
 160.9000000       2.33180e-24       2.33180e-24
 161.0000000       2.34890e-24       2.34890e-24
 161.1000000       2.35940e-24       2.35940e-24
 161.2000000       2.36880e-24       2.36880e-24
 161.3000000       2.37820e-24       2.37820e-24
 161.4000000       2.38760e-24       2.38760e-24
 161.5000000       2.39700e-24       2.39700e-24
 161.6000000       2.40640e-24       2.40640e-24
 161.7000000       2.41580e-24       2.41580e-24
 161.8000000       2.42520e-24       2.42520e-24
 161.9000000       2.43460e-24       2.43460e-24
 162.0000000       2.44400e-24       2.44400e-24
 162.1000000       2.45340e-24       2.45340e-24
 162.2000000       2.46280e-24       2.46280e-24
 162.3000000       2.47220e-24       2.47220e-24
 162.4000000       2.48160e-24       2.48160e-24
 162.5000000       2.49100e-24       2.49100e-24
 162.6000000       2.50040e-24       2.50040e-24
 162.7000000       2.50980e-24       2.50980e-24
 162.8000000       2.51920e-24       2.51920e-24
 162.9000000       2.52860e-24       2.52860e-24
 163.0000000       2.53800e-24       2.53800e-24
 163.1000000       2.54740e-24       2.54740e-24
 163.2000000       2.55680e-24       2.55680e-24
 163.3000000       2.56620e-24       2.56620e-24
 163.4000000       2.57560e-24       2.57560e-24
 163.5000000       2.58500e-24       2.58500e-24
 163.6000000       2.59440e-24       2.59440e-24
 163.7000000       2.60380e-24       2.60380e-24
 163.8000000       2.61320e-24       2.61320e-24
 163.9000000       2.62260e-24       2.62260e-24
 164.0000000       2.63200e-24       2.63200e-24
 164.1000000       2.64140e-24       2.64140e-24
 164.2000000       2.65080e-24       2.65080e-24
 164.3000000       2.66020e-24       2.66020e-24
 164.4000000       2.66960e-24       2.66960e-24
 164.5000000       2.67900e-24       2.67900e-24
 164.6000000       2.68840e-24       2.68840e-24
 164.7000000       2.69780e-24       2.69780e-24
 164.8000000       2.70720e-24       2.70720e-24
 164.9000000       2.71660e-24       2.71660e-24
 165.0000000       2.72600e-24       2.72600e-24
 165.1000000       2.73540e-24       2.73540e-24
 165.2000000       2.74480e-24       2.74480e-24
 165.3000000       2.75420e-24       2.75420e-24
 165.4000000       2.76360e-24       2.76360e-24
 165.5000000       2.77300e-24       2.77300e-24
 165.6000000       2.78240e-24       2.78240e-24
 165.7000000       2.79180e-24       2.79180e-24
 165.8000000       2.80120e-24       2.80120e-24
 165.9000000       2.81060e-24       2.81060e-24
 166.0000000       2.81850e-24       2.81850e-24
 166.1000000       2.81740e-24       2.81740e-24
 166.2000000       2.81480e-24       2.81480e-24
 166.3000000       2.81220e-24       2.81220e-24
 166.4000000       2.80960e-24       2.80960e-24
 166.5000000       2.80700e-24       2.80700e-24
 166.6000000       2.80440e-24       2.80440e-24
 166.7000000       2.80180e-24       2.80180e-24
 166.8000000       2.79920e-24       2.79920e-24
 166.9000000       2.79660e-24       2.79660e-24
 167.0000000       2.79400e-24       2.79400e-24
 167.1000000       2.79140e-24       2.79140e-24
 167.2000000       2.78880e-24       2.78880e-24
 167.3000000       2.78620e-24       2.78620e-24
 167.4000000       2.78360e-24       2.78360e-24
 167.5000000       2.78100e-24       2.78100e-24
 167.6000000       2.77840e-24       2.77840e-24
 167.7000000       2.77580e-24       2.77580e-24
 167.8000000       2.77320e-24       2.77320e-24
 167.9000000       2.77060e-24       2.77060e-24
 168.0000000       2.76800e-24       2.76800e-24
 168.1000000       2.76540e-24       2.76540e-24
 168.2000000       2.76280e-24       2.76280e-24
 168.3000000       2.76020e-24       2.76020e-24
 168.4000000       2.75760e-24       2.75760e-24
 168.5000000       2.75500e-24       2.75500e-24
 168.6000000       2.75240e-24       2.75240e-24
 168.7000000       2.74980e-24       2.74980e-24
 168.8000000       2.74720e-24       2.74720e-24
 168.9000000       2.74460e-24       2.74460e-24
 169.0000000       2.74200e-24       2.74200e-24
 169.1000000       2.73940e-24       2.73940e-24
 169.2000000       2.73680e-24       2.73680e-24
 169.3000000       2.73420e-24       2.73420e-24
 169.4000000       2.73160e-24       2.73160e-24
 169.5000000       2.72900e-24       2.72900e-24
 169.6000000       2.72640e-24       2.72640e-24
 169.7000000       2.72380e-24       2.72380e-24
 169.8000000       2.72120e-24       2.72120e-24
 169.9000000       2.71860e-24       2.71860e-24
 170.0000000       2.71600e-24       2.71600e-24
 170.1000000       2.71340e-24       2.71340e-24
 170.2000000       2.71080e-24       2.71080e-24
 170.3000000       2.70820e-24       2.70820e-24
 170.4000000       2.70560e-24       2.70560e-24
 170.5000000       2.70300e-24       2.70300e-24
 170.6000000       2.70040e-24       2.70040e-24
 170.7000000       2.69780e-24       2.69780e-24
 170.8000000       2.69520e-24       2.69520e-24
 170.9000000       2.69260e-24       2.69260e-24
 171.0000000       2.68877e-24       2.68877e-24
 171.1000000       2.67760e-24       2.67760e-24
 171.2000000       2.66520e-24       2.66520e-24
 171.3000000       2.65280e-24       2.65280e-24
 171.4000000       2.64040e-24       2.64040e-24
 171.5000000       2.62800e-24       2.62800e-24
 171.6000000       2.61560e-24       2.61560e-24
 171.7000000       2.60320e-24       2.60320e-24
 171.8000000       2.59080e-24       2.59080e-24
 171.9000000       2.57840e-24       2.57840e-24
 172.0000000       2.56600e-24       2.56600e-24
 172.1000000       2.55360e-24       2.55360e-24
 172.2000000       2.54120e-24       2.54120e-24
 172.3000000       2.52880e-24       2.52880e-24
 172.4000000       2.51640e-24       2.51640e-24
 172.5000000       2.50400e-24       2.50400e-24
 172.6000000       2.49160e-24       2.49160e-24
 172.7000000       2.47920e-24       2.47920e-24
 172.8000000       2.46680e-24       2.46680e-24
 172.9000000       2.45440e-24       2.45440e-24
 173.0000000       2.44200e-24       2.44200e-24
 173.1000000       2.42960e-24       2.42960e-24
 173.2000000       2.41720e-24       2.41720e-24
 173.3000000       2.40480e-24       2.40480e-24
 173.4000000       2.39240e-24       2.39240e-24
 173.5000000       2.38000e-24       2.38000e-24
 173.6000000       2.36760e-24       2.36760e-24
 173.7000000       2.35520e-24       2.35520e-24
 173.8000000       2.34280e-24       2.34280e-24
 173.9000000       2.33040e-24       2.33040e-24
 174.0000000       2.31800e-24       2.31800e-24
 174.1000000       2.30560e-24       2.30560e-24
 174.2000000       2.29320e-24       2.29320e-24
 174.3000000       2.28080e-24       2.28080e-24
 174.4000000       2.26840e-24       2.26840e-24
 174.5000000       2.25600e-24       2.25600e-24
 174.6000000       2.24360e-24       2.24360e-24
 174.7000000       2.23120e-24       2.23120e-24
 174.8000000       2.21880e-24       2.21880e-24
 174.9000000       2.20640e-24       2.20640e-24
 175.0000000       2.19400e-24       2.19400e-24
 175.1000000       2.18160e-24       2.18160e-24
 175.2000000       2.16920e-24       2.16920e-24
 175.3000000       2.15680e-24       2.15680e-24
 175.4000000       2.14440e-24       2.14440e-24
 175.5000000       2.13200e-24       2.13200e-24
 175.6000000       2.11960e-24       2.11960e-24
 175.7000000       2.10720e-24       2.10720e-24
 175.8000000       2.09480e-24       2.09480e-24
 175.9000000       2.08240e-24       2.08240e-24
 176.0000000       2.06953e-24       2.06953e-24
 176.1000000       2.05380e-24       2.05380e-24
 176.2000000       2.03760e-24       2.03760e-24
 176.3000000       2.02140e-24       2.02140e-24
 176.4000000       2.00520e-24       2.00520e-24
 176.5000000       1.98900e-24       1.98900e-24
 176.6000000       1.97280e-24       1.97280e-24
 176.7000000       1.95660e-24       1.95660e-24
 176.8000000       1.94040e-24       1.94040e-24
 176.9000000       1.92420e-24       1.92420e-24
 177.0000000       1.90800e-24       1.90800e-24
 177.1000000       1.89180e-24       1.89180e-24
 177.2000000       1.87560e-24       1.87560e-24
 177.3000000       1.85940e-24       1.85940e-24
 177.4000000       1.84320e-24       1.84320e-24
 177.5000000       1.82700e-24       1.82700e-24
 177.6000000       1.81080e-24       1.81080e-24
 177.7000000       1.79460e-24       1.79460e-24
 177.8000000       1.77840e-24       1.77840e-24
 177.9000000       1.76220e-24       1.76220e-24
 178.0000000       1.74600e-24       1.74600e-24
 178.1000000       1.72980e-24       1.72980e-24
 178.2000000       1.71360e-24       1.71360e-24
 178.3000000       1.69740e-24       1.69740e-24
 178.4000000       1.68120e-24       1.68120e-24
 178.5000000       1.66500e-24       1.66500e-24
 178.6000000       1.64880e-24       1.64880e-24
 178.7000000       1.63260e-24       1.63260e-24
 178.8000000       1.61640e-24       1.61640e-24
 178.9000000       1.60020e-24       1.60020e-24
 179.0000000       1.58400e-24       1.58400e-24
 179.1000000       1.56780e-24       1.56780e-24
 179.2000000       1.55160e-24       1.55160e-24
 179.3000000       1.53540e-24       1.53540e-24
 179.4000000       1.51920e-24       1.51920e-24
 179.5000000       1.50300e-24       1.50300e-24
 179.6000000       1.48680e-24       1.48680e-24
 179.7000000       1.47060e-24       1.47060e-24
 179.8000000       1.45440e-24       1.45440e-24
 179.9000000       1.43820e-24       1.43820e-24
 180.0000000       1.42200e-24       1.42200e-24
 180.1000000       1.40580e-24       1.40580e-24
 180.2000000       1.38960e-24       1.38960e-24
 180.3000000       1.37340e-24       1.37340e-24
 180.4000000       1.35720e-24       1.35720e-24
 180.5000000       1.34100e-24       1.34100e-24
 180.6000000       1.32480e-24       1.32480e-24
 180.7000000       1.30860e-24       1.30860e-24
 180.8000000       1.29240e-24       1.29240e-24
 180.9000000       1.27620e-24       1.27620e-24
 181.0000000       1.26028e-24       1.26028e-24
 181.1000000       1.24606e-24       1.24606e-24
 181.2000000       1.23212e-24       1.23212e-24
 181.3000000       1.21818e-24       1.21818e-24
 181.4000000       1.20424e-24       1.20424e-24
 181.5000000       1.19030e-24       1.19030e-24
 181.6000000       1.17636e-24       1.17636e-24
 181.7000000       1.16242e-24       1.16242e-24
 181.8000000       1.14848e-24       1.14848e-24
 181.9000000       1.13454e-24       1.13454e-24
 182.0000000       1.12060e-24       1.12060e-24
 182.1000000       1.10666e-24       1.10666e-24
 182.2000000       1.09272e-24       1.09272e-24
 182.3000000       1.07878e-24       1.07878e-24
 182.4000000       1.06484e-24       1.06484e-24
 182.5000000       1.05090e-24       1.05090e-24
 182.6000000       1.03696e-24       1.03696e-24
 182.7000000       1.02302e-24       1.02302e-24
 182.8000000       1.00908e-24       1.00908e-24
 182.9000000       9.95140e-25       9.95140e-25
 183.0000000       9.81200e-25       9.81200e-25
 183.1000000       9.67260e-25       9.67260e-25
 183.2000000       9.53320e-25       9.53320e-25
 183.3000000       9.39380e-25       9.39380e-25
 183.4000000       9.25440e-25       9.25440e-25
 183.5000000       9.11500e-25       9.11500e-25
 183.6000000       8.97560e-25       8.97560e-25
 183.7000000       8.83620e-25       8.83620e-25
 183.8000000       8.69680e-25       8.69680e-25
 183.9000000       8.55740e-25       8.55740e-25
 184.0000000       8.41800e-25       8.41800e-25
 184.1000000       8.27860e-25       8.27860e-25
 184.2000000       8.13920e-25       8.13920e-25
 184.3000000       7.99980e-25       7.99980e-25
 184.4000000       7.86040e-25       7.86040e-25
 184.5000000       7.72100e-25       7.72100e-25
 184.6000000       7.58160e-25       7.58160e-25
 184.7000000       7.44220e-25       7.44220e-25
 184.8000000       7.30280e-25       7.30280e-25
 184.9000000       7.16340e-25       7.16340e-25
 185.0000000       7.02400e-25       7.02400e-25
 185.1000000       6.88460e-25       6.88460e-25
 185.2000000       6.74520e-25       6.74520e-25
 185.3000000       6.60580e-25       6.60580e-25
 185.4000000       6.46640e-25       6.46640e-25
 185.5000000       6.32700e-25       6.32700e-25
 185.6000000       6.18760e-25       6.18760e-25
 185.7000000       6.04820e-25       6.04820e-25
 185.8000000       5.90880e-25       5.90880e-25
 185.9000000       5.76940e-25       5.76940e-25
 186.0000000       5.63705e-25       5.63705e-25
 186.1000000       5.54700e-25       5.54700e-25
 186.2000000       5.46400e-25       5.46400e-25
 186.3000000       5.38100e-25       5.38100e-25
 186.4000000       5.29800e-25       5.29800e-25
 186.5000000       5.21500e-25       5.21500e-25
 186.6000000       5.13200e-25       5.13200e-25
 186.7000000       5.04900e-25       5.04900e-25
 186.8000000       4.96600e-25       4.96600e-25
 186.9000000       4.88300e-25       4.88300e-25
 187.0000000       4.80000e-25       4.80000e-25
 187.1000000       4.71700e-25       4.71700e-25
 187.2000000       4.63400e-25       4.63400e-25
 187.3000000       4.55100e-25       4.55100e-25
 187.4000000       4.46800e-25       4.46800e-25
 187.5000000       4.38500e-25       4.38500e-25
 187.6000000       4.30200e-25       4.30200e-25
 187.7000000       4.21900e-25       4.21900e-25
 187.8000000       4.13600e-25       4.13600e-25
 187.9000000       4.05300e-25       4.05300e-25
 188.0000000       3.97000e-25       3.97000e-25
 188.1000000       3.88700e-25       3.88700e-25
 188.2000000       3.80400e-25       3.80400e-25
 188.3000000       3.72100e-25       3.72100e-25
 188.4000000       3.63800e-25       3.63800e-25
 188.5000000       3.55500e-25       3.55500e-25
 188.6000000       3.47200e-25       3.47200e-25
 188.7000000       3.38900e-25       3.38900e-25
 188.8000000       3.30600e-25       3.30600e-25
 188.9000000       3.22300e-25       3.22300e-25
 189.0000000       3.14000e-25       3.14000e-25
 189.1000000       3.05700e-25       3.05700e-25
 189.2000000       2.97400e-25       2.97400e-25
 189.3000000       2.89100e-25       2.89100e-25
 189.4000000       2.80800e-25       2.80800e-25
 189.5000000       2.72500e-25       2.72500e-25
 189.6000000       2.64200e-25       2.64200e-25
 189.7000000       2.55900e-25       2.55900e-25
 189.8000000       2.47600e-25       2.47600e-25
 189.9000000       2.39300e-25       2.39300e-25
 190.0000000       2.31000e-25       2.31000e-25
 190.1000000       2.22700e-25       2.22700e-25
 190.2000000       2.14400e-25       2.14400e-25
 190.3000000       2.06100e-25       2.06100e-25
 190.4000000       1.97800e-25       1.97800e-25
 190.5000000       1.89500e-25       1.89500e-25
 190.6000000       1.81200e-25       1.81200e-25
 190.7000000       1.72900e-25       1.72900e-25
 190.8000000       1.64600e-25       1.64600e-25
 190.9000000       1.56300e-25       1.56300e-25
 191.0000000       1.48692e-25       1.48692e-25
 191.1000000       1.45238e-25       1.45238e-25
 191.2000000       1.42476e-25       1.42476e-25
 191.3000000       1.39713e-25       1.39713e-25
 191.4000000       1.36951e-25       1.36951e-25
 191.5000000       1.34189e-25       1.34189e-25
 191.6000000       1.31427e-25       1.31427e-25
 191.7000000       1.28665e-25       1.28665e-25
 191.8000000       1.25902e-25       1.25902e-25
 191.9000000       1.23140e-25       1.23140e-25
 192.0000000       1.20378e-25       1.20378e-25
 192.1000000       1.17616e-25       1.17616e-25
 192.2000000       1.14854e-25       1.14854e-25
 192.3000000       1.12091e-25       1.12091e-25
 192.4000000       1.09329e-25       1.09329e-25
 192.5000000       1.06567e-25       1.06567e-25
 192.6000000       1.03805e-25       1.03805e-25
 192.7000000       1.01043e-25       1.01043e-25
 192.8000000       9.82804e-26       9.82804e-26
 192.9000000       9.55182e-26       9.55182e-26
 193.0000000       9.27560e-26       9.27560e-26
 193.1000000       8.99938e-26       8.99938e-26
 193.2000000       8.72316e-26       8.72316e-26
 193.3000000       8.44694e-26       8.44694e-26
 193.4000000       8.17072e-26       8.17072e-26
 193.5000000       7.89450e-26       7.89450e-26
 193.6000000       7.61828e-26       7.61828e-26
 193.7000000       7.34206e-26       7.34206e-26
 193.8000000       7.06584e-26       7.06584e-26
 193.9000000       6.78962e-26       6.78962e-26
 194.0000000       6.51340e-26       6.51340e-26
 194.1000000       6.23718e-26       6.23718e-26
 194.2000000       5.96096e-26       5.96096e-26
 194.3000000       5.68474e-26       5.68474e-26
 194.4000000       5.40852e-26       5.40852e-26
 194.5000000       5.13230e-26       5.13230e-26
 194.6000000       4.85608e-26       4.85608e-26
 194.7000000       4.57986e-26       4.57986e-26
 194.8000000       4.30364e-26       4.30364e-26
 194.9000000       4.02742e-26       4.02742e-26
 195.0000000       3.75120e-26       3.75120e-26
 195.1000000       3.47498e-26       3.47498e-26
 195.2000000       3.19876e-26       3.19876e-26
 195.3000000       2.92254e-26       2.92254e-26
 195.4000000       2.64632e-26       2.64632e-26
 195.5000000       2.37010e-26       2.37010e-26
 195.6000000       2.09388e-26       2.09388e-26
 195.7000000       1.81766e-26       1.81766e-26
 195.8000000       1.54144e-26       1.54144e-26
 195.9000000       1.26522e-26       1.26522e-26
 196.0000000       1.02130e-26       1.02130e-26
 196.1000000       9.71159e-27       9.71159e-27
 196.2000000       9.53320e-27       9.53320e-27
 196.3000000       9.35481e-27       9.35481e-27
 196.4000000       9.17639e-27       9.17639e-27
 196.5000000       8.99801e-27       8.99801e-27
 196.6000000       8.81959e-27       8.81959e-27
 196.7000000       8.64120e-27       8.64120e-27
 196.8000000       8.46281e-27       8.46281e-27
 196.9000000       8.28440e-27       8.28440e-27
 197.0000000       8.10601e-27       8.10601e-27
 197.1000000       7.92759e-27       7.92759e-27
 197.2000000       7.74920e-27       7.74920e-27
 197.3000000       7.57082e-27       7.57082e-27
 197.4000000       7.39240e-27       7.39240e-27
 197.5000000       7.21401e-27       7.21401e-27
 197.6000000       7.03559e-27       7.03559e-27
 197.7000000       6.85720e-27       6.85720e-27
 197.8000000       6.67879e-27       6.67879e-27
 197.9000000       6.50040e-27       6.50040e-27
 198.0000000       6.32201e-27       6.32201e-27
 198.1000000       6.14359e-27       6.14359e-27
 198.2000000       5.96521e-27       5.96521e-27
 198.3000000       5.78679e-27       5.78679e-27
 198.4000000       5.60840e-27       5.60840e-27
 198.5000000       5.43001e-27       5.43001e-27
 198.6000000       5.25159e-27       5.25159e-27
 198.7000000       5.07321e-27       5.07321e-27
 198.8000000       4.89479e-27       4.89479e-27
 198.9000000       4.71640e-27       4.71640e-27
 199.0000000       4.53801e-27       4.53801e-27
 199.1000000       4.35960e-27       4.35960e-27
 199.2000000       4.18121e-27       4.18121e-27
 199.3000000       4.00279e-27       4.00279e-27
 199.4000000       3.82440e-27       3.82440e-27
 199.5000000       3.64599e-27       3.64599e-27
 199.6000000       3.46760e-27       3.46760e-27
 199.7000000       3.28921e-27       3.28921e-27
 199.8000000       3.11079e-27       3.11079e-27
 199.9000000       2.93241e-27       2.93241e-27
 200.0000000       2.75399e-27       2.75399e-27
 200.1000000       2.57560e-27       2.57560e-27
 200.2000000       2.39721e-27       2.39721e-27
 200.3000000       2.21879e-27       2.21879e-27
 200.4000000       2.04041e-27       2.04041e-27
 200.5000000       1.86199e-27       1.86199e-27
 200.6000000       1.68360e-27       1.68360e-27
 200.7000000       1.50521e-27       1.50521e-27
 200.8000000       1.32680e-27       1.32680e-27
 200.9000000       1.14841e-27       1.14841e-27
 201.0000000       1.00272e-27       1.00272e-27
 201.1000000       1.05341e-27       1.05341e-27
 201.2000000       1.13679e-27       1.13679e-27
 201.3000000       1.22021e-27       1.22021e-27
 201.4000000       1.30359e-27       1.30359e-27
 201.5000000       1.38701e-27       1.38701e-27
 201.6000000       1.47039e-27       1.47039e-27
 201.7000000       1.55381e-27       1.55381e-27
 201.8000000       1.63719e-27       1.63719e-27
 201.9000000       1.72061e-27       1.72061e-27
 202.0000000       1.80400e-27       1.80400e-27
 202.1000000       1.88741e-27       1.88741e-27
 202.2000000       1.97080e-27       1.97080e-27
 202.3000000       2.05421e-27       2.05421e-27
 202.4000000       2.13760e-27       2.13760e-27
 202.5000000       2.22101e-27       2.22101e-27
 202.6000000       2.30440e-27       2.30440e-27
 202.7000000       2.38781e-27       2.38781e-27
 202.8000000       2.47120e-27       2.47120e-27
 202.9000000       2.55462e-27       2.55462e-27
 203.0000000       2.63800e-27       2.63800e-27
 203.1000000       2.72139e-27       2.72139e-27
 203.2000000       2.80480e-27       2.80480e-27
 203.3000000       2.88819e-27       2.88819e-27
 203.4000000       2.97160e-27       2.97160e-27
 203.5000000       3.05499e-27       3.05499e-27
 203.6000000       3.13840e-27       3.13840e-27
 203.7000000       3.22179e-27       3.22179e-27
 203.8000000       3.30520e-27       3.30520e-27
 203.9000000       3.38859e-27       3.38859e-27
 204.0000000       3.47200e-27       3.47200e-27
 204.1000000       3.55539e-27       3.55539e-27
 204.2000000       3.63881e-27       3.63881e-27
 204.3000000       3.72219e-27       3.72219e-27
 204.4000000       3.80561e-27       3.80561e-27
 204.5000000       3.88899e-27       3.88899e-27
 204.6000000       3.97241e-27       3.97241e-27
 204.7000000       4.05579e-27       4.05579e-27
 204.8000000       4.13921e-27       4.13921e-27
 204.9000000       4.22259e-27       4.22259e-27
 205.0000000       4.30601e-27       4.30601e-27
 205.1000000       4.38939e-27       4.38939e-27
 205.2000000       4.47281e-27       4.47281e-27
 205.3000000       4.55620e-27       4.55620e-27
 205.4000000       4.63961e-27       4.63961e-27
 205.5000000       4.72300e-27       4.72300e-27
 205.6000000       4.80641e-27       4.80641e-27
 205.7000000       4.88980e-27       4.88980e-27
 205.8000000       4.97321e-27       4.97321e-27
 205.9000000       5.05660e-27       5.05660e-27
 206.0000000       5.71671e-27       5.71671e-27
 206.1000000       9.83719e-27       9.83719e-27
 206.2000000       1.45344e-26       1.45344e-26
 206.3000000       1.92316e-26       1.92316e-26
 206.4000000       2.39288e-26       2.39288e-26
 206.5000000       2.86260e-26       2.86260e-26
 206.6000000       3.33232e-26       3.33232e-26
 206.7000000       3.80204e-26       3.80204e-26
 206.8000000       4.27176e-26       4.27176e-26
 206.9000000       4.74148e-26       4.74148e-26
 207.0000000       5.21120e-26       5.21120e-26
 207.1000000       5.68092e-26       5.68092e-26
 207.2000000       6.15064e-26       6.15064e-26
 207.3000000       6.62036e-26       6.62036e-26
 207.4000000       7.09008e-26       7.09008e-26
 207.5000000       7.55980e-26       7.55980e-26
 207.6000000       8.02952e-26       8.02952e-26
 207.7000000       8.49924e-26       8.49924e-26
 207.8000000       8.96896e-26       8.96896e-26
 207.9000000       9.43868e-26       9.43868e-26
 208.0000000       9.90840e-26       9.90840e-26
 208.1000000       1.03781e-25       1.03781e-25
 208.2000000       1.08478e-25       1.08478e-25
 208.3000000       1.13176e-25       1.13176e-25
 208.4000000       1.17873e-25       1.17873e-25
 208.5000000       1.22570e-25       1.22570e-25
 208.6000000       1.27267e-25       1.27267e-25
 208.7000000       1.31964e-25       1.31964e-25
 208.8000000       1.36662e-25       1.36662e-25
 208.9000000       1.41359e-25       1.41359e-25
 209.0000000       1.46056e-25       1.46056e-25
 209.1000000       1.50753e-25       1.50753e-25
 209.2000000       1.55450e-25       1.55450e-25
 209.3000000       1.60148e-25       1.60148e-25
 209.4000000       1.64845e-25       1.64845e-25
 209.5000000       1.69542e-25       1.69542e-25
 209.6000000       1.74239e-25       1.74239e-25
 209.7000000       1.78936e-25       1.78936e-25
 209.8000000       1.83634e-25       1.83634e-25
 209.9000000       1.88331e-25       1.88331e-25
 210.0000000       1.93028e-25       1.93028e-25
 210.1000000       1.97725e-25       1.97725e-25
 210.2000000       2.02422e-25       2.02422e-25
 210.3000000       2.07120e-25       2.07120e-25
 210.4000000       2.11817e-25       2.11817e-25
 210.5000000       2.16514e-25       2.16514e-25
 210.6000000       2.21211e-25       2.21211e-25
 210.7000000       2.25908e-25       2.25908e-25
 210.8000000       2.30606e-25       2.30606e-25
 210.9000000       2.35303e-25       2.35303e-25
 211.0000000       2.43113e-25       2.43113e-25
 211.1000000       2.69600e-25       2.69600e-25
 211.2000000       2.99200e-25       2.99200e-25
 211.3000000       3.28800e-25       3.28800e-25
 211.4000000       3.58400e-25       3.58400e-25
 211.5000000       3.88000e-25       3.88000e-25
 211.6000000       4.17600e-25       4.17600e-25
 211.7000000       4.47200e-25       4.47200e-25
 211.8000000       4.76800e-25       4.76800e-25
 211.9000000       5.06400e-25       5.06400e-25
 212.0000000       5.36000e-25       5.36000e-25
 212.1000000       5.65600e-25       5.65600e-25
 212.2000000       5.95200e-25       5.95200e-25
 212.3000000       6.24800e-25       6.24800e-25
 212.4000000       6.54400e-25       6.54400e-25
 212.5000000       6.84000e-25       6.84000e-25
 212.6000000       7.13600e-25       7.13600e-25
 212.7000000       7.43200e-25       7.43200e-25
 212.8000000       7.72800e-25       7.72800e-25
 212.9000000       8.02400e-25       8.02400e-25
 213.0000000       8.32000e-25       8.32000e-25
 213.1000000       8.61600e-25       8.61600e-25
 213.2000000       8.91200e-25       8.91200e-25
 213.3000000       9.20800e-25       9.20800e-25
 213.4000000       9.50400e-25       9.50400e-25
 213.5000000       9.80000e-25       9.80000e-25
 213.6000000       1.00960e-24       1.00960e-24
 213.7000000       1.03920e-24       1.03920e-24
 213.8000000       1.06880e-24       1.06880e-24
 213.9000000       1.09840e-24       1.09840e-24
 214.0000000       1.12800e-24       1.12800e-24
 214.1000000       1.15760e-24       1.15760e-24
 214.2000000       1.18720e-24       1.18720e-24
 214.3000000       1.21680e-24       1.21680e-24
 214.4000000       1.24640e-24       1.24640e-24
 214.5000000       1.27600e-24       1.27600e-24
 214.6000000       1.30560e-24       1.30560e-24
 214.7000000       1.33520e-24       1.33520e-24
 214.8000000       1.36480e-24       1.36480e-24
 214.9000000       1.39440e-24       1.39440e-24
 215.0000000       1.42400e-24       1.42400e-24
 215.1000000       1.45360e-24       1.45360e-24
 215.2000000       1.48320e-24       1.48320e-24
 215.3000000       1.51280e-24       1.51280e-24
 215.4000000       1.54240e-24       1.54240e-24
 215.5000000       1.57200e-24       1.57200e-24
 215.6000000       1.60160e-24       1.60160e-24
 215.7000000       1.63120e-24       1.63120e-24
 215.8000000       1.66080e-24       1.66080e-24
 215.9000000       1.69040e-24       1.69040e-24
 216.0000000       1.72927e-24       1.72927e-24
 216.1000000       1.82380e-24       1.82380e-24
 216.2000000       1.92760e-24       1.92760e-24
 216.3000000       2.03140e-24       2.03140e-24
 216.4000000       2.13520e-24       2.13520e-24
 216.5000000       2.23900e-24       2.23900e-24
 216.6000000       2.34280e-24       2.34280e-24
 216.7000000       2.44660e-24       2.44660e-24
 216.8000000       2.55040e-24       2.55040e-24
 216.9000000       2.65420e-24       2.65420e-24
 217.0000000       2.75800e-24       2.75800e-24
 217.1000000       2.86180e-24       2.86180e-24
 217.2000000       2.96560e-24       2.96560e-24
 217.3000000       3.06940e-24       3.06940e-24
 217.4000000       3.17320e-24       3.17320e-24
 217.5000000       3.27700e-24       3.27700e-24
 217.6000000       3.38080e-24       3.38080e-24
 217.7000000       3.48460e-24       3.48460e-24
 217.8000000       3.58840e-24       3.58840e-24
 217.9000000       3.69220e-24       3.69220e-24
 218.0000000       3.79600e-24       3.79600e-24
 218.1000000       3.89980e-24       3.89980e-24
 218.2000000       4.00360e-24       4.00360e-24
 218.3000000       4.10740e-24       4.10740e-24
 218.4000000       4.21120e-24       4.21120e-24
 218.5000000       4.31500e-24       4.31500e-24
 218.6000000       4.41880e-24       4.41880e-24
 218.7000000       4.52260e-24       4.52260e-24
 218.8000000       4.62640e-24       4.62640e-24
 218.9000000       4.73020e-24       4.73020e-24
 219.0000000       4.83400e-24       4.83400e-24
 219.1000000       4.93780e-24       4.93780e-24
 219.2000000       5.04160e-24       5.04160e-24
 219.3000000       5.14540e-24       5.14540e-24
 219.4000000       5.24920e-24       5.24920e-24
 219.5000000       5.35300e-24       5.35300e-24
 219.6000000       5.45680e-24       5.45680e-24
 219.7000000       5.56060e-24       5.56060e-24
 219.8000000       5.66440e-24       5.66440e-24
 219.9000000       5.76820e-24       5.76820e-24
 220.0000000       5.87200e-24       5.87200e-24
 220.1000000       5.97580e-24       5.97580e-24
 220.2000000       6.07960e-24       6.07960e-24
 220.3000000       6.18340e-24       6.18340e-24
 220.4000000       6.28720e-24       6.28720e-24
 220.5000000       6.39100e-24       6.39100e-24
 220.6000000       6.49480e-24       6.49480e-24
 220.7000000       6.59860e-24       6.59860e-24
 220.8000000       6.70240e-24       6.70240e-24
 220.9000000       6.80620e-24       6.80620e-24
 221.0000000       6.93125e-24       6.93125e-24
 221.1000000       7.18380e-24       7.18380e-24
 221.2000000       7.45760e-24       7.45760e-24
 221.3000000       7.73140e-24       7.73140e-24
 221.4000000       8.00520e-24       8.00520e-24
 221.5000000       8.27900e-24       8.27900e-24
 221.6000000       8.55280e-24       8.55280e-24
 221.7000000       8.82660e-24       8.82660e-24
 221.8000000       9.10040e-24       9.10040e-24
 221.9000000       9.37420e-24       9.37420e-24
 222.0000000       9.64800e-24       9.64800e-24
 222.1000000       9.92180e-24       9.92180e-24
 222.2000000       1.01956e-23       1.01956e-23
 222.3000000       1.04694e-23       1.04694e-23
 222.4000000       1.07432e-23       1.07432e-23
 222.5000000       1.10170e-23       1.10170e-23
 222.6000000       1.12908e-23       1.12908e-23
 222.7000000       1.15646e-23       1.15646e-23
 222.8000000       1.18384e-23       1.18384e-23
 222.9000000       1.21122e-23       1.21122e-23
 223.0000000       1.23860e-23       1.23860e-23
 223.1000000       1.26598e-23       1.26598e-23
 223.2000000       1.29336e-23       1.29336e-23
 223.3000000       1.32074e-23       1.32074e-23
 223.4000000       1.34812e-23       1.34812e-23
 223.5000000       1.37550e-23       1.37550e-23
 223.6000000       1.40288e-23       1.40288e-23
 223.7000000       1.43026e-23       1.43026e-23
 223.8000000       1.45764e-23       1.45764e-23
 223.9000000       1.48502e-23       1.48502e-23
 224.0000000       1.51240e-23       1.51240e-23
 224.1000000       1.53978e-23       1.53978e-23
 224.2000000       1.56716e-23       1.56716e-23
 224.3000000       1.59454e-23       1.59454e-23
 224.4000000       1.62192e-23       1.62192e-23
 224.5000000       1.64930e-23       1.64930e-23
 224.6000000       1.67668e-23       1.67668e-23
 224.7000000       1.70406e-23       1.70406e-23
 224.8000000       1.73144e-23       1.73144e-23
 224.9000000       1.75882e-23       1.75882e-23
 225.0000000       1.78620e-23       1.78620e-23
 225.1000000       1.81358e-23       1.81358e-23
 225.2000000       1.84096e-23       1.84096e-23
 225.3000000       1.86834e-23       1.86834e-23
 225.4000000       1.89572e-23       1.89572e-23
 225.5000000       1.92310e-23       1.92310e-23
 225.6000000       1.95048e-23       1.95048e-23
 225.7000000       1.97786e-23       1.97786e-23
 225.8000000       2.00524e-23       2.00524e-23
 225.9000000       2.03262e-23       2.03262e-23
 226.0000000       2.06423e-23       2.06423e-23
 226.1000000       2.12120e-23       2.12120e-23
 226.2000000       2.18240e-23       2.18240e-23
 226.3000000       2.24360e-23       2.24360e-23
 226.4000000       2.30480e-23       2.30480e-23
 226.5000000       2.36600e-23       2.36600e-23
 226.6000000       2.42720e-23       2.42720e-23
 226.7000000       2.48840e-23       2.48840e-23
 226.8000000       2.54960e-23       2.54960e-23
 226.9000000       2.61080e-23       2.61080e-23
 227.0000000       2.67200e-23       2.67200e-23
 227.1000000       2.73320e-23       2.73320e-23
 227.2000000       2.79440e-23       2.79440e-23
 227.3000000       2.85560e-23       2.85560e-23
 227.4000000       2.91680e-23       2.91680e-23
 227.5000000       2.97800e-23       2.97800e-23
 227.6000000       3.03920e-23       3.03920e-23
 227.7000000       3.10040e-23       3.10040e-23
 227.8000000       3.16160e-23       3.16160e-23
 227.9000000       3.22280e-23       3.22280e-23
 228.0000000       3.28400e-23       3.28400e-23
 228.1000000       3.34520e-23       3.34520e-23
 228.2000000       3.40640e-23       3.40640e-23
 228.3000000       3.46760e-23       3.46760e-23
 228.4000000       3.52880e-23       3.52880e-23
 228.5000000       3.59000e-23       3.59000e-23
 228.6000000       3.65120e-23       3.65120e-23
 228.7000000       3.71240e-23       3.71240e-23
 228.8000000       3.77360e-23       3.77360e-23
 228.9000000       3.83480e-23       3.83480e-23
 229.0000000       3.89600e-23       3.89600e-23
 229.1000000       3.95720e-23       3.95720e-23
 229.2000000       4.01840e-23       4.01840e-23
 229.3000000       4.07960e-23       4.07960e-23
 229.4000000       4.14080e-23       4.14080e-23
 229.5000000       4.20200e-23       4.20200e-23
 229.6000000       4.26320e-23       4.26320e-23
 229.7000000       4.32440e-23       4.32440e-23
 229.8000000       4.38560e-23       4.38560e-23
 229.9000000       4.44680e-23       4.44680e-23
 230.0000000       4.50800e-23       4.50800e-23
 230.1000000       4.56920e-23       4.56920e-23
 230.2000000       4.63040e-23       4.63040e-23
 230.3000000       4.69160e-23       4.69160e-23
 230.4000000       4.75280e-23       4.75280e-23
 230.5000000       4.81400e-23       4.81400e-23
 230.6000000       4.87520e-23       4.87520e-23
 230.7000000       4.93640e-23       4.93640e-23
 230.8000000       4.99760e-23       4.99760e-23
 230.9000000       5.05880e-23       5.05880e-23
 231.0000000       5.12755e-23       5.12755e-23
 231.1000000       5.24160e-23       5.24160e-23
 231.2000000       5.36320e-23       5.36320e-23
 231.3000000       5.48480e-23       5.48480e-23
 231.4000000       5.60640e-23       5.60640e-23
 231.5000000       5.72800e-23       5.72800e-23
 231.6000000       5.84960e-23       5.84960e-23
 231.7000000       5.97120e-23       5.97120e-23
 231.8000000       6.09280e-23       6.09280e-23
 231.9000000       6.21440e-23       6.21440e-23
 232.0000000       6.33600e-23       6.33600e-23
 232.1000000       6.45760e-23       6.45760e-23
 232.2000000       6.57920e-23       6.57920e-23
 232.3000000       6.70080e-23       6.70080e-23
 232.4000000       6.82240e-23       6.82240e-23
 232.5000000       6.94400e-23       6.94400e-23
 232.6000000       7.06560e-23       7.06560e-23
 232.7000000       7.18720e-23       7.18720e-23
 232.8000000       7.30880e-23       7.30880e-23
 232.9000000       7.43040e-23       7.43040e-23
 233.0000000       7.55200e-23       7.55200e-23
 233.1000000       7.67360e-23       7.67360e-23
 233.2000000       7.79520e-23       7.79520e-23
 233.3000000       7.91680e-23       7.91680e-23
 233.4000000       8.03840e-23       8.03840e-23
 233.5000000       8.16000e-23       8.16000e-23
 233.6000000       8.28160e-23       8.28160e-23
 233.7000000       8.40320e-23       8.40320e-23
 233.8000000       8.52480e-23       8.52480e-23
 233.9000000       8.64640e-23       8.64640e-23
 234.0000000       8.76800e-23       8.76800e-23
 234.1000000       8.88960e-23       8.88960e-23
 234.2000000       9.01120e-23       9.01120e-23
 234.3000000       9.13280e-23       9.13280e-23
 234.4000000       9.25440e-23       9.25440e-23
 234.5000000       9.37600e-23       9.37600e-23
 234.6000000       9.49760e-23       9.49760e-23
 234.7000000       9.61920e-23       9.61920e-23
 234.8000000       9.74080e-23       9.74080e-23
 234.9000000       9.86240e-23       9.86240e-23
 235.0000000       9.98400e-23       9.98400e-23
 235.1000000       1.01056e-22       1.01056e-22
 235.2000000       1.02272e-22       1.02272e-22
 235.3000000       1.03488e-22       1.03488e-22
 235.4000000       1.04704e-22       1.04704e-22
 235.5000000       1.05920e-22       1.05920e-22
 235.6000000       1.07136e-22       1.07136e-22
 235.7000000       1.08352e-22       1.08352e-22
 235.8000000       1.09568e-22       1.09568e-22
 235.9000000       1.10784e-22       1.10784e-22
 236.0000000       1.12128e-22       1.12128e-22
 236.1000000       1.14240e-22       1.14240e-22
 236.2000000       1.16480e-22       1.16480e-22
 236.3000000       1.18720e-22       1.18720e-22
 236.4000000       1.20960e-22       1.20960e-22
 236.5000000       1.23200e-22       1.23200e-22
 236.6000000       1.25440e-22       1.25440e-22
 236.7000000       1.27680e-22       1.27680e-22
 236.8000000       1.29920e-22       1.29920e-22
 236.9000000       1.32160e-22       1.32160e-22
 237.0000000       1.34400e-22       1.34400e-22
 237.1000000       1.36640e-22       1.36640e-22
 237.2000000       1.38880e-22       1.38880e-22
 237.3000000       1.41120e-22       1.41120e-22
 237.4000000       1.43360e-22       1.43360e-22
 237.5000000       1.45600e-22       1.45600e-22
 237.6000000       1.47840e-22       1.47840e-22
 237.7000000       1.50080e-22       1.50080e-22
 237.8000000       1.52320e-22       1.52320e-22
 237.9000000       1.54560e-22       1.54560e-22
 238.0000000       1.56800e-22       1.56800e-22
 238.1000000       1.59040e-22       1.59040e-22
 238.2000000       1.61280e-22       1.61280e-22
 238.3000000       1.63520e-22       1.63520e-22
 238.4000000       1.65760e-22       1.65760e-22
 238.5000000       1.68000e-22       1.68000e-22
 238.6000000       1.70240e-22       1.70240e-22
 238.7000000       1.72480e-22       1.72480e-22
 238.8000000       1.74720e-22       1.74720e-22
 238.9000000       1.76960e-22       1.76960e-22
 239.0000000       1.79200e-22       1.79200e-22
 239.1000000       1.81440e-22       1.81440e-22
 239.2000000       1.83680e-22       1.83680e-22
 239.3000000       1.85920e-22       1.85920e-22
 239.4000000       1.88160e-22       1.88160e-22
 239.5000000       1.90400e-22       1.90400e-22
 239.6000000       1.92640e-22       1.92640e-22
 239.7000000       1.94880e-22       1.94880e-22
 239.8000000       1.97120e-22       1.97120e-22
 239.9000000       1.99360e-22       1.99360e-22
 240.0000000       2.01600e-22       2.01600e-22
 240.1000000       2.03840e-22       2.03840e-22
 240.2000000       2.06080e-22       2.06080e-22
 240.3000000       2.08320e-22       2.08320e-22
 240.4000000       2.10560e-22       2.10560e-22
 240.5000000       2.12800e-22       2.12800e-22
 240.6000000       2.15040e-22       2.15040e-22
 240.7000000       2.17280e-22       2.17280e-22
 240.8000000       2.19520e-22       2.19520e-22
 240.9000000       2.21760e-22       2.21760e-22
 241.0000000       2.24037e-22       2.24037e-22
 241.1000000       2.26533e-22       2.26533e-22
 241.2000000       2.29067e-22       2.29067e-22
 241.3000000       2.31600e-22       2.31600e-22
 241.4000000       2.34133e-22       2.34133e-22
 241.5000000       2.36667e-22       2.36667e-22
 241.6000000       2.39200e-22       2.39200e-22
 241.7000000       2.41733e-22       2.41733e-22
 241.8000000       2.44267e-22       2.44267e-22
 241.9000000       2.46800e-22       2.46800e-22
 242.0000000       2.49333e-22       2.49333e-22
 242.1000000       2.51867e-22       2.51867e-22
 242.2000000       2.54400e-22       2.54400e-22
 242.3000000       2.56933e-22       2.56933e-22
 242.4000000       2.59467e-22       2.59467e-22
 242.5000000       2.62000e-22       2.62000e-22
 242.6000000       2.64533e-22       2.64533e-22
 242.7000000       2.67067e-22       2.67067e-22
 242.8000000       2.69600e-22       2.69600e-22
 242.9000000       2.72133e-22       2.72133e-22
 243.0000000       2.74667e-22       2.74667e-22
 243.1000000       2.77200e-22       2.77200e-22
 243.2000000       2.79733e-22       2.79733e-22
 243.3000000       2.82267e-22       2.82267e-22
 243.4000000       2.84800e-22       2.84800e-22
 243.5000000       2.87333e-22       2.87333e-22
 243.6000000       2.89867e-22       2.89867e-22
 243.7000000       2.92400e-22       2.92400e-22
 243.8000000       2.94933e-22       2.94933e-22
 243.9000000       2.97467e-22       2.97467e-22
 244.0000000       2.95933e-22       2.95933e-22
 244.1000000       2.70000e-22       2.70000e-22
 244.2000000       2.40000e-22       2.40000e-22
 244.3000000       2.10000e-22       2.10000e-22
 244.4000000       1.80001e-22       1.80001e-22
 244.5000000       1.50001e-22       1.50001e-22
 244.6000000       1.20001e-22       1.20001e-22
 244.7000000       9.00012e-23       9.00012e-23
 244.8000000       6.00013e-23       6.00013e-23
 244.9000000       3.00015e-23       3.00015e-23
 245.0000000       3.75162e-24       3.75162e-24
 245.1000000       1.49400e-27       1.49400e-27
 245.2000000       1.32800e-27       1.32800e-27
 245.3000000       1.16200e-27       1.16200e-27
 245.4000000       9.95999e-28       9.95999e-28
 245.5000000       8.29999e-28       8.29999e-28
 245.6000000       6.63999e-28       6.63999e-28
 245.7000000       4.97999e-28       4.97999e-28
 245.8000000       3.32000e-28       3.32000e-28
 245.9000000       2.07507e-28       2.07507e-28
