# H cross sections
# Alan Heays 2016-04-19
# Reference: NIST, mendoza1996, TOPbase_database
# photoabsorption: Photoabsorption cross section (cm2)
# photoionisation: Photoionisation cross section (cm2)
# 
# wavelength   photoabsorption   photoionisation
   7.7000000       4.41722e-21       4.41722e-21
   7.8000000       4.55401e-21       4.55401e-21
   7.9000000       4.74011e-21       4.74011e-21
   8.0000000       4.93239e-21       4.93239e-21
   8.1000000       5.12874e-21       5.12874e-21
   8.2000000       5.33150e-21       5.33150e-21
   8.3000000       5.53806e-21       5.53806e-21
   8.4000000       5.75147e-21       5.75147e-21
   8.5000000       5.96831e-21       5.96831e-21
   8.6000000       6.19344e-21       6.19344e-21
   8.7000000       6.42104e-21       6.42104e-21
   8.8000000       6.65734e-21       6.65734e-21
   8.9000000       6.89559e-21       6.89559e-21
   9.0000000       7.14325e-21       7.14325e-21
   9.1000000       7.39338e-21       7.39338e-21
   9.2000000       7.65179e-21       7.65179e-21
   9.3000000       7.91520e-21       7.91520e-21
   9.4000000       8.18351e-21       8.18351e-21
   9.5000000       8.46112e-21       8.46112e-21
   9.6000000       8.74045e-21       8.74045e-21
   9.7000000       9.03073e-21       9.03073e-21
   9.8000000       9.32320e-21       9.32320e-21
   9.9000000       9.62360e-21       9.62360e-21
  10.0000000       9.93126e-21       9.93126e-21
  10.1000000       1.02413e-20       1.02413e-20
  10.2000000       1.05641e-20       1.05641e-20
  10.3000000       1.08889e-20       1.08889e-20
  10.4000000       1.12224e-20       1.12224e-20
  10.5000000       1.15658e-20       1.15658e-20
  10.6000000       1.19100e-20       1.19100e-20
  10.7000000       1.22644e-20       1.22644e-20
  10.8000000       1.26217e-20       1.26217e-20
  10.9000000       1.29842e-20       1.29842e-20
  11.0000000       1.33640e-20       1.33640e-20
  11.1000000       1.37451e-20       1.37451e-20
  11.2000000       1.41326e-20       1.41326e-20
  11.3000000       1.45290e-20       1.45290e-20
  11.4000000       1.49256e-20       1.49256e-20
  11.5000000       1.53364e-20       1.53364e-20
  11.6000000       1.57575e-20       1.57575e-20
  11.7000000       1.61790e-20       1.61790e-20
  11.8000000       1.66135e-20       1.66135e-20
  11.9000000       1.70545e-20       1.70545e-20
  12.0000000       1.74962e-20       1.74962e-20
  12.1000000       1.79548e-20       1.79548e-20
  12.2000000       1.84212e-20       1.84212e-20
  12.3000000       1.88878e-20       1.88878e-20
  12.4000000       1.93677e-20       1.93677e-20
  12.5000000       1.98545e-20       1.98545e-20
  12.6000000       2.03414e-20       2.03414e-20
  12.7000000       2.08440e-20       2.08440e-20
  12.8000000       2.13595e-20       2.13595e-20
  12.9000000       2.18749e-20       2.18749e-20
  13.0000000       2.24001e-20       2.24001e-20
  13.1000000       2.29422e-20       2.29422e-20
  13.2000000       2.34845e-20       2.34845e-20
  13.3000000       2.40314e-20       2.40314e-20
  13.4000000       2.45994e-20       2.45994e-20
  13.5000000       2.51700e-20       2.51700e-20
  13.6000000       2.57411e-20       2.57411e-20
  13.7000000       2.63318e-20       2.63318e-20
  13.8000000       2.69318e-20       2.69318e-20
  13.9000000       2.75318e-20       2.75318e-20
  14.0000000       2.81404e-20       2.81404e-20
  14.1000000       2.87698e-20       2.87698e-20
  14.2000000       2.94001e-20       2.94001e-20
  14.3000000       3.00311e-20       3.00311e-20
  14.4000000       3.06831e-20       3.06831e-20
  14.5000000       3.13448e-20       3.13448e-20
  14.6000000       3.20065e-20       3.20065e-20
  14.7000000       3.26747e-20       3.26747e-20
  14.8000000       3.33706e-20       3.33706e-20
  14.9000000       3.40697e-20       3.40697e-20
  15.0000000       3.47689e-20       3.47689e-20
  15.1000000       3.54802e-20       3.54802e-20
  15.2000000       3.62114e-20       3.62114e-20
  15.3000000       3.69430e-20       3.69430e-20
  15.4000000       3.76745e-20       3.76745e-20
  15.5000000       3.84274e-20       3.84274e-20
  15.6000000       3.91974e-20       3.91974e-20
  15.7000000       3.99674e-20       3.99674e-20
  15.8000000       4.07378e-20       4.07378e-20
  15.9000000       4.15337e-20       4.15337e-20
  16.0000000       4.23444e-20       4.23444e-20
  16.1000000       4.31550e-20       4.31550e-20
  16.2000000       4.39661e-20       4.39661e-20
  16.3000000       4.48025e-20       4.48025e-20
  16.4000000       4.56540e-20       4.56540e-20
  16.5000000       4.65056e-20       4.65056e-20
  16.6000000       4.73572e-20       4.73572e-20
  16.7000000       4.82326e-20       4.82326e-20
  16.8000000       4.91294e-20       4.91294e-20
  16.9000000       5.00262e-20       5.00262e-20
  17.0000000       5.09230e-20       5.09230e-20
  17.1000000       5.18339e-20       5.18339e-20
  17.2000000       5.27728e-20       5.27728e-20
  17.3000000       5.37123e-20       5.37123e-20
  17.4000000       5.46519e-20       5.46519e-20
  17.5000000       5.55975e-20       5.55975e-20
  17.6000000       5.65798e-20       5.65798e-20
  17.7000000       5.75685e-20       5.75685e-20
  17.8000000       5.85572e-20       5.85572e-20
  17.9000000       5.95460e-20       5.95460e-20
  18.0000000       6.05616e-20       6.05616e-20
  18.1000000       6.15984e-20       6.15984e-20
  18.2000000       6.26351e-20       6.26351e-20
  18.3000000       6.36719e-20       6.36719e-20
  18.4000000       6.47159e-20       6.47159e-20
  18.5000000       6.58005e-20       6.58005e-20
  18.6000000       6.68913e-20       6.68913e-20
  18.7000000       6.79821e-20       6.79821e-20
  18.8000000       6.90730e-20       6.90730e-20
  18.9000000       7.01848e-20       7.01848e-20
  19.0000000       7.13316e-20       7.13316e-20
  19.1000000       7.24790e-20       7.24790e-20
  19.2000000       7.36264e-20       7.36264e-20
  19.3000000       7.47740e-20       7.47740e-20
  19.4000000       7.59538e-20       7.59538e-20
  19.5000000       7.71568e-20       7.71568e-20
  19.6000000       7.83598e-20       7.83598e-20
  19.7000000       7.95628e-20       7.95628e-20
  19.8000000       8.07669e-20       8.07669e-20
  19.9000000       8.20102e-20       8.20102e-20
  20.0000000       8.32731e-20       8.32731e-20
  20.1000000       8.45361e-20       8.45361e-20
  20.2000000       8.57990e-20       8.57990e-20
  20.3000000       8.70629e-20       8.70629e-20
  20.4000000       8.83676e-20       8.83676e-20
  20.5000000       8.96943e-20       8.96943e-20
  20.6000000       9.10210e-20       9.10210e-20
  20.7000000       9.23478e-20       9.23478e-20
  20.8000000       9.36745e-20       9.36745e-20
  20.9000000       9.50396e-20       9.50396e-20
  21.0000000       9.64400e-20       9.64400e-20
  21.1000000       9.78405e-20       9.78405e-20
  21.2000000       9.92409e-20       9.92409e-20
  21.3000000       1.00641e-19       1.00641e-19
  21.4000000       1.02058e-19       1.02058e-19
  21.5000000       1.03516e-19       1.03516e-19
  21.6000000       1.04976e-19       1.04976e-19
  21.7000000       1.06436e-19       1.06436e-19
  21.8000000       1.07896e-19       1.07896e-19
  21.9000000       1.09360e-19       1.09360e-19
  22.0000000       1.10876e-19       1.10876e-19
  22.1000000       1.12408e-19       1.12408e-19
  22.2000000       1.13940e-19       1.13940e-19
  22.3000000       1.15471e-19       1.15471e-19
  22.4000000       1.17003e-19       1.17003e-19
  22.5000000       1.18556e-19       1.18556e-19
  22.6000000       1.20154e-19       1.20154e-19
  22.7000000       1.21754e-19       1.21754e-19
  22.8000000       1.23354e-19       1.23354e-19
  22.9000000       1.24954e-19       1.24954e-19
  23.0000000       1.26554e-19       1.26554e-19
  23.1000000       1.28212e-19       1.28212e-19
  23.2000000       1.29909e-19       1.29909e-19
  23.3000000       1.31606e-19       1.31606e-19
  23.4000000       1.33303e-19       1.33303e-19
  23.5000000       1.35001e-19       1.35001e-19
  23.6000000       1.36700e-19       1.36700e-19
  23.7000000       1.38452e-19       1.38452e-19
  23.8000000       1.40225e-19       1.40225e-19
  23.9000000       1.41998e-19       1.41998e-19
  24.0000000       1.43770e-19       1.43770e-19
  24.1000000       1.45543e-19       1.45543e-19
  24.2000000       1.47319e-19       1.47319e-19
  24.3000000       1.49156e-19       1.49156e-19
  24.4000000       1.51015e-19       1.51015e-19
  24.5000000       1.52874e-19       1.52874e-19
  24.6000000       1.54733e-19       1.54733e-19
  24.7000000       1.56592e-19       1.56592e-19
  24.8000000       1.58452e-19       1.58452e-19
  24.9000000       1.60374e-19       1.60374e-19
  25.0000000       1.62330e-19       1.62330e-19
  25.1000000       1.64286e-19       1.64286e-19
  25.2000000       1.66243e-19       1.66243e-19
  25.3000000       1.68199e-19       1.68199e-19
  25.4000000       1.70156e-19       1.70156e-19
  25.5000000       1.72146e-19       1.72146e-19
  25.6000000       1.74193e-19       1.74193e-19
  25.7000000       1.76241e-19       1.76241e-19
  25.8000000       1.78289e-19       1.78289e-19
  25.9000000       1.80337e-19       1.80337e-19
  26.0000000       1.82384e-19       1.82384e-19
  26.1000000       1.84440e-19       1.84440e-19
  26.2000000       1.86558e-19       1.86558e-19
  26.3000000       1.88691e-19       1.88691e-19
  26.4000000       1.90824e-19       1.90824e-19
  26.5000000       1.92958e-19       1.92958e-19
  26.6000000       1.95091e-19       1.95091e-19
  26.7000000       1.97224e-19       1.97224e-19
  26.8000000       1.99398e-19       1.99398e-19
  26.9000000       2.01653e-19       2.01653e-19
  27.0000000       2.03911e-19       2.03911e-19
  27.1000000       2.06169e-19       2.06169e-19
  27.2000000       2.08427e-19       2.08427e-19
  27.3000000       2.10685e-19       2.10685e-19
  27.4000000       2.12943e-19       2.12943e-19
  27.5000000       2.15256e-19       2.15256e-19
  27.6000000       2.17616e-19       2.17616e-19
  27.7000000       2.19976e-19       2.19976e-19
  27.8000000       2.22336e-19       2.22336e-19
  27.9000000       2.24696e-19       2.24696e-19
  28.0000000       2.27056e-19       2.27056e-19
  28.1000000       2.29416e-19       2.29416e-19
  28.2000000       2.31840e-19       2.31840e-19
  28.3000000       2.34311e-19       2.34311e-19
  28.4000000       2.36781e-19       2.36781e-19
  28.5000000       2.39252e-19       2.39252e-19
  28.6000000       2.41722e-19       2.41722e-19
  28.7000000       2.44193e-19       2.44193e-19
  28.8000000       2.46663e-19       2.46663e-19
  28.9000000       2.49188e-19       2.49188e-19
  29.0000000       2.51775e-19       2.51775e-19
  29.1000000       2.54363e-19       2.54363e-19
  29.2000000       2.56951e-19       2.56951e-19
  29.3000000       2.59538e-19       2.59538e-19
  29.4000000       2.62126e-19       2.62126e-19
  29.5000000       2.64713e-19       2.64713e-19
  29.6000000       2.67327e-19       2.67327e-19
  29.7000000       2.70031e-19       2.70031e-19
  29.8000000       2.72741e-19       2.72741e-19
  29.9000000       2.75452e-19       2.75452e-19
  30.0000000       2.78163e-19       2.78163e-19
  30.1000000       2.80873e-19       2.80873e-19
  30.2000000       2.83584e-19       2.83584e-19
  30.3000000       2.86297e-19       2.86297e-19
  30.4000000       2.89099e-19       2.89099e-19
  30.5000000       2.91951e-19       2.91951e-19
  30.6000000       2.94803e-19       2.94803e-19
  30.7000000       2.97655e-19       2.97655e-19
  30.8000000       3.00507e-19       3.00507e-19
  30.9000000       3.03359e-19       3.03359e-19
  31.0000000       3.06211e-19       3.06211e-19
  31.1000000       3.09077e-19       3.09077e-19
  31.2000000       3.12033e-19       3.12033e-19
  31.3000000       3.15005e-19       3.15005e-19
  31.4000000       3.17977e-19       3.17977e-19
  31.5000000       3.20949e-19       3.20949e-19
  31.6000000       3.23920e-19       3.23920e-19
  31.7000000       3.26892e-19       3.26892e-19
  31.8000000       3.29864e-19       3.29864e-19
  31.9000000       3.32864e-19       3.32864e-19
  32.0000000       3.35975e-19       3.35975e-19
  32.1000000       3.39097e-19       3.39097e-19
  32.2000000       3.42218e-19       3.42218e-19
  32.3000000       3.45340e-19       3.45340e-19
  32.4000000       3.48462e-19       3.48462e-19
  32.5000000       3.51584e-19       3.51584e-19
  32.6000000       3.54706e-19       3.54706e-19
  32.7000000       3.57850e-19       3.57850e-19
  32.8000000       3.61108e-19       3.61108e-19
  32.9000000       3.64383e-19       3.64383e-19
  33.0000000       3.67657e-19       3.67657e-19
  33.1000000       3.70931e-19       3.70931e-19
  33.2000000       3.74205e-19       3.74205e-19
  33.3000000       3.77479e-19       3.77479e-19
  33.4000000       3.80753e-19       3.80753e-19
  33.5000000       3.84032e-19       3.84032e-19
  33.6000000       3.87411e-19       3.87411e-19
  33.7000000       3.90828e-19       3.90828e-19
  33.8000000       3.94245e-19       3.94245e-19
  33.9000000       3.97662e-19       3.97662e-19
  34.0000000       4.01079e-19       4.01079e-19
  34.1000000       4.04496e-19       4.04496e-19
  34.2000000       4.07913e-19       4.07913e-19
  34.3000000       4.11330e-19       4.11330e-19
  34.4000000       4.14797e-19       4.14797e-19
  34.5000000       4.18379e-19       4.18379e-19
  34.6000000       4.21965e-19       4.21965e-19
  34.7000000       4.25551e-19       4.25551e-19
  34.8000000       4.29136e-19       4.29136e-19
  34.9000000       4.32722e-19       4.32722e-19
  35.0000000       4.36308e-19       4.36308e-19
  35.1000000       4.39894e-19       4.39894e-19
  35.2000000       4.43480e-19       4.43480e-19
  35.3000000       4.47163e-19       4.47163e-19
  35.4000000       4.50918e-19       4.50918e-19
  35.5000000       4.54672e-19       4.54672e-19
  35.6000000       4.58427e-19       4.58427e-19
  35.7000000       4.62182e-19       4.62182e-19
  35.8000000       4.65937e-19       4.65937e-19
  35.9000000       4.69691e-19       4.69691e-19
  36.0000000       4.73446e-19       4.73446e-19
  36.1000000       4.77203e-19       4.77203e-19
  36.2000000       4.81067e-19       4.81067e-19
  36.3000000       4.84991e-19       4.84991e-19
  36.4000000       4.88915e-19       4.88915e-19
  36.5000000       4.92840e-19       4.92840e-19
  36.6000000       4.96764e-19       4.96764e-19
  36.7000000       5.00688e-19       5.00688e-19
  36.8000000       5.04613e-19       5.04613e-19
  36.9000000       5.08537e-19       5.08537e-19
  37.0000000       5.12461e-19       5.12461e-19
  37.1000000       5.16477e-19       5.16477e-19
  37.2000000       5.20582e-19       5.20582e-19
  37.3000000       5.24687e-19       5.24687e-19
  37.4000000       5.28792e-19       5.28792e-19
  37.5000000       5.32897e-19       5.32897e-19
  37.6000000       5.37002e-19       5.37002e-19
  37.7000000       5.41107e-19       5.41107e-19
  37.8000000       5.45211e-19       5.45211e-19
  37.9000000       5.49316e-19       5.49316e-19
  38.0000000       5.53461e-19       5.53461e-19
  38.1000000       5.57752e-19       5.57752e-19
  38.2000000       5.62057e-19       5.62057e-19
  38.3000000       5.66363e-19       5.66363e-19
  38.4000000       5.70668e-19       5.70668e-19
  38.5000000       5.74973e-19       5.74973e-19
  38.6000000       5.79279e-19       5.79279e-19
  38.7000000       5.83584e-19       5.83584e-19
  38.8000000       5.87889e-19       5.87889e-19
  38.9000000       5.92195e-19       5.92195e-19
  39.0000000       5.96596e-19       5.96596e-19
  39.1000000       6.01089e-19       6.01089e-19
  39.2000000       6.05582e-19       6.05582e-19
  39.3000000       6.10075e-19       6.10075e-19
  39.4000000       6.14567e-19       6.14567e-19
  39.5000000       6.19060e-19       6.19060e-19
  39.6000000       6.23553e-19       6.23553e-19
  39.7000000       6.28046e-19       6.28046e-19
  39.8000000       6.32539e-19       6.32539e-19
  39.9000000       6.37034e-19       6.37034e-19
  40.0000000       6.41665e-19       6.41665e-19
  40.1000000       6.46373e-19       6.46373e-19
  40.2000000       6.51081e-19       6.51081e-19
  40.3000000       6.55790e-19       6.55790e-19
  40.4000000       6.60498e-19       6.60498e-19
  40.5000000       6.65206e-19       6.65206e-19
  40.6000000       6.69914e-19       6.69914e-19
  40.7000000       6.74623e-19       6.74623e-19
  40.8000000       6.79331e-19       6.79331e-19
  40.9000000       6.84039e-19       6.84039e-19
  41.0000000       6.88862e-19       6.88862e-19
  41.1000000       6.93782e-19       6.93782e-19
  41.2000000       6.98703e-19       6.98703e-19
  41.3000000       7.03623e-19       7.03623e-19
  41.4000000       7.08544e-19       7.08544e-19
  41.5000000       7.13464e-19       7.13464e-19
  41.6000000       7.18384e-19       7.18384e-19
  41.7000000       7.23305e-19       7.23305e-19
  41.8000000       7.28225e-19       7.28225e-19
  41.9000000       7.33146e-19       7.33146e-19
  42.0000000       7.38118e-19       7.38118e-19
  42.1000000       7.43253e-19       7.43253e-19
  42.2000000       7.48399e-19       7.48399e-19
  42.3000000       7.53546e-19       7.53546e-19
  42.4000000       7.58693e-19       7.58693e-19
  42.5000000       7.63840e-19       7.63840e-19
  42.6000000       7.68987e-19       7.68987e-19
  42.7000000       7.74133e-19       7.74133e-19
  42.8000000       7.79280e-19       7.79280e-19
  42.9000000       7.84427e-19       7.84427e-19
  43.0000000       7.89574e-19       7.89574e-19
  43.1000000       7.94852e-19       7.94852e-19
  43.2000000       8.00239e-19       8.00239e-19
  43.3000000       8.05626e-19       8.05626e-19
  43.4000000       8.11012e-19       8.11012e-19
  43.5000000       8.16399e-19       8.16399e-19
  43.6000000       8.21786e-19       8.21786e-19
  43.7000000       8.27173e-19       8.27173e-19
  43.8000000       8.32560e-19       8.32560e-19
  43.9000000       8.37946e-19       8.37946e-19
  44.0000000       8.43333e-19       8.43333e-19
  44.1000000       8.48723e-19       8.48723e-19
  44.2000000       8.54259e-19       8.54259e-19
  44.3000000       8.59880e-19       8.59880e-19
  44.4000000       8.65500e-19       8.65500e-19
  44.5000000       8.71121e-19       8.71121e-19
  44.6000000       8.76742e-19       8.76742e-19
  44.7000000       8.82363e-19       8.82363e-19
  44.8000000       8.87983e-19       8.87983e-19
  44.9000000       8.93604e-19       8.93604e-19
  45.0000000       8.99225e-19       8.99225e-19
  45.1000000       9.04845e-19       9.04845e-19
  45.2000000       9.10466e-19       9.10466e-19
  45.3000000       9.16208e-19       9.16208e-19
  45.4000000       9.22083e-19       9.22083e-19
  45.5000000       9.27959e-19       9.27959e-19
  45.6000000       9.33834e-19       9.33834e-19
  45.7000000       9.39709e-19       9.39709e-19
  45.8000000       9.45584e-19       9.45584e-19
  45.9000000       9.51459e-19       9.51459e-19
  46.0000000       9.57334e-19       9.57334e-19
  46.1000000       9.63210e-19       9.63210e-19
  46.2000000       9.69085e-19       9.69085e-19
  46.3000000       9.74960e-19       9.74960e-19
  46.4000000       9.80873e-19       9.80873e-19
  46.5000000       9.86997e-19       9.86997e-19
  46.6000000       9.93152e-19       9.93152e-19
  46.7000000       9.99307e-19       9.99307e-19
  46.8000000       1.00546e-18       1.00546e-18
  46.9000000       1.01162e-18       1.01162e-18
  47.0000000       1.01777e-18       1.01777e-18
  47.1000000       1.02393e-18       1.02393e-18
  47.2000000       1.03008e-18       1.03008e-18
  47.3000000       1.03624e-18       1.03624e-18
  47.4000000       1.04239e-18       1.04239e-18
  47.5000000       1.04855e-18       1.04855e-18
  47.6000000       1.05478e-18       1.05478e-18
  47.7000000       1.06116e-18       1.06116e-18
  47.8000000       1.06756e-18       1.06756e-18
  47.9000000       1.07395e-18       1.07395e-18
  48.0000000       1.08035e-18       1.08035e-18
  48.1000000       1.08674e-18       1.08674e-18
  48.2000000       1.09313e-18       1.09313e-18
  48.3000000       1.09953e-18       1.09953e-18
  48.4000000       1.10592e-18       1.10592e-18
  48.5000000       1.11231e-18       1.11231e-18
  48.6000000       1.11871e-18       1.11871e-18
  48.7000000       1.12510e-18       1.12510e-18
  48.8000000       1.13158e-18       1.13158e-18
  48.9000000       1.13829e-18       1.13829e-18
  49.0000000       1.14502e-18       1.14502e-18
  49.1000000       1.15174e-18       1.15174e-18
  49.2000000       1.15846e-18       1.15846e-18
  49.3000000       1.16518e-18       1.16518e-18
  49.4000000       1.17190e-18       1.17190e-18
  49.5000000       1.17863e-18       1.17863e-18
  49.6000000       1.18535e-18       1.18535e-18
  49.7000000       1.19207e-18       1.19207e-18
  49.8000000       1.19879e-18       1.19879e-18
  49.9000000       1.20551e-18       1.20551e-18
  50.0000000       1.21226e-18       1.21226e-18
  50.1000000       1.21923e-18       1.21923e-18
  50.2000000       1.22626e-18       1.22626e-18
  50.3000000       1.23329e-18       1.23329e-18
  50.4000000       1.24032e-18       1.24032e-18
  50.5000000       1.24735e-18       1.24735e-18
  50.6000000       1.25438e-18       1.25438e-18
  50.7000000       1.26140e-18       1.26140e-18
  50.8000000       1.26843e-18       1.26843e-18
  50.9000000       1.27546e-18       1.27546e-18
  51.0000000       1.28249e-18       1.28249e-18
  51.1000000       1.28952e-18       1.28952e-18
  51.2000000       1.29655e-18       1.29655e-18
  51.3000000       1.30366e-18       1.30366e-18
  51.4000000       1.31097e-18       1.31097e-18
  51.5000000       1.31828e-18       1.31828e-18
  51.6000000       1.32560e-18       1.32560e-18
  51.7000000       1.33292e-18       1.33292e-18
  51.8000000       1.34024e-18       1.34024e-18
  51.9000000       1.34756e-18       1.34756e-18
  52.0000000       1.35488e-18       1.35488e-18
  52.1000000       1.36220e-18       1.36220e-18
  52.2000000       1.36952e-18       1.36952e-18
  52.3000000       1.37684e-18       1.37684e-18
  52.4000000       1.38416e-18       1.38416e-18
  52.5000000       1.39147e-18       1.39147e-18
  52.6000000       1.39887e-18       1.39887e-18
  52.7000000       1.40645e-18       1.40645e-18
  52.8000000       1.41404e-18       1.41404e-18
  52.9000000       1.42162e-18       1.42162e-18
  53.0000000       1.42921e-18       1.42921e-18
  53.1000000       1.43680e-18       1.43680e-18
  53.2000000       1.44439e-18       1.44439e-18
  53.3000000       1.45198e-18       1.45198e-18
  53.4000000       1.45957e-18       1.45957e-18
  53.5000000       1.46715e-18       1.46715e-18
  53.6000000       1.47474e-18       1.47474e-18
  53.7000000       1.48233e-18       1.48233e-18
  53.8000000       1.48992e-18       1.48992e-18
  53.9000000       1.49754e-18       1.49754e-18
  54.0000000       1.50547e-18       1.50547e-18
  54.1000000       1.51346e-18       1.51346e-18
  54.2000000       1.52144e-18       1.52144e-18
  54.3000000       1.52943e-18       1.52943e-18
  54.4000000       1.53742e-18       1.53742e-18
  54.5000000       1.54541e-18       1.54541e-18
  54.6000000       1.55339e-18       1.55339e-18
  54.7000000       1.56138e-18       1.56138e-18
  54.8000000       1.56937e-18       1.56937e-18
  54.9000000       1.57736e-18       1.57736e-18
  55.0000000       1.58535e-18       1.58535e-18
  55.1000000       1.59333e-18       1.59333e-18
  55.2000000       1.60132e-18       1.60132e-18
  55.3000000       1.60940e-18       1.60940e-18
  55.4000000       1.61769e-18       1.61769e-18
  55.5000000       1.62598e-18       1.62598e-18
  55.6000000       1.63427e-18       1.63427e-18
  55.7000000       1.64256e-18       1.64256e-18
  55.8000000       1.65085e-18       1.65085e-18
  55.9000000       1.65914e-18       1.65914e-18
  56.0000000       1.66743e-18       1.66743e-18
  56.1000000       1.67572e-18       1.67572e-18
  56.2000000       1.68401e-18       1.68401e-18
  56.3000000       1.69230e-18       1.69230e-18
  56.4000000       1.70059e-18       1.70059e-18
  56.5000000       1.70888e-18       1.70888e-18
  56.6000000       1.71717e-18       1.71717e-18
  56.7000000       1.72560e-18       1.72560e-18
  56.8000000       1.73430e-18       1.73430e-18
  56.9000000       1.74301e-18       1.74301e-18
  57.0000000       1.75173e-18       1.75173e-18
  57.1000000       1.76044e-18       1.76044e-18
  57.2000000       1.76915e-18       1.76915e-18
  57.3000000       1.77786e-18       1.77786e-18
  57.4000000       1.78658e-18       1.78658e-18
  57.5000000       1.79529e-18       1.79529e-18
  57.6000000       1.80400e-18       1.80400e-18
  57.7000000       1.81271e-18       1.81271e-18
  57.8000000       1.82143e-18       1.82143e-18
  57.9000000       1.83014e-18       1.83014e-18
  58.0000000       1.83885e-18       1.83885e-18
  58.1000000       1.84760e-18       1.84760e-18
  58.2000000       1.85659e-18       1.85659e-18
  58.3000000       1.86563e-18       1.86563e-18
  58.4000000       1.87467e-18       1.87467e-18
  58.5000000       1.88372e-18       1.88372e-18
  58.6000000       1.89276e-18       1.89276e-18
  58.7000000       1.90180e-18       1.90180e-18
  58.8000000       1.91084e-18       1.91084e-18
  58.9000000       1.91988e-18       1.91988e-18
  59.0000000       1.92893e-18       1.92893e-18
  59.1000000       1.93797e-18       1.93797e-18
  59.2000000       1.94701e-18       1.94701e-18
  59.3000000       1.95605e-18       1.95605e-18
  59.4000000       1.96509e-18       1.96509e-18
  59.5000000       1.97414e-18       1.97414e-18
  59.6000000       1.98328e-18       1.98328e-18
  59.7000000       1.99269e-18       1.99269e-18
  59.8000000       2.00210e-18       2.00210e-18
  59.9000000       2.01152e-18       2.01152e-18
  60.0000000       2.02093e-18       2.02093e-18
  60.1000000       2.03035e-18       2.03035e-18
  60.2000000       2.03976e-18       2.03976e-18
  60.3000000       2.04918e-18       2.04918e-18
  60.4000000       2.05860e-18       2.05860e-18
  60.5000000       2.06801e-18       2.06801e-18
  60.6000000       2.07743e-18       2.07743e-18
  60.7000000       2.08684e-18       2.08684e-18
  60.8000000       2.09626e-18       2.09626e-18
  60.9000000       2.10567e-18       2.10567e-18
  61.0000000       2.11509e-18       2.11509e-18
  61.1000000       2.12461e-18       2.12461e-18
  61.2000000       2.13448e-18       2.13448e-18
  61.3000000       2.14437e-18       2.14437e-18
  61.4000000       2.15426e-18       2.15426e-18
  61.5000000       2.16416e-18       2.16416e-18
  61.6000000       2.17405e-18       2.17405e-18
  61.7000000       2.18395e-18       2.18395e-18
  61.8000000       2.19384e-18       2.19384e-18
  61.9000000       2.20373e-18       2.20373e-18
  62.0000000       2.21363e-18       2.21363e-18
  62.1000000       2.22352e-18       2.22352e-18
  62.2000000       2.23342e-18       2.23342e-18
  62.3000000       2.24331e-18       2.24331e-18
  62.4000000       2.25320e-18       2.25320e-18
  62.5000000       2.26310e-18       2.26310e-18
  62.6000000       2.27300e-18       2.27300e-18
  62.7000000       2.28311e-18       2.28311e-18
  62.8000000       2.29333e-18       2.29333e-18
  62.9000000       2.30355e-18       2.30355e-18
  63.0000000       2.31376e-18       2.31376e-18
  63.1000000       2.32398e-18       2.32398e-18
  63.2000000       2.33420e-18       2.33420e-18
  63.3000000       2.34442e-18       2.34442e-18
  63.4000000       2.35463e-18       2.35463e-18
  63.5000000       2.36485e-18       2.36485e-18
  63.6000000       2.37507e-18       2.37507e-18
  63.7000000       2.38529e-18       2.38529e-18
  63.8000000       2.39551e-18       2.39551e-18
  63.9000000       2.40572e-18       2.40572e-18
  64.0000000       2.41594e-18       2.41594e-18
  64.1000000       2.42616e-18       2.42616e-18
  64.2000000       2.43641e-18       2.43641e-18
  64.3000000       2.44705e-18       2.44705e-18
  64.4000000       2.45782e-18       2.45782e-18
  64.5000000       2.46858e-18       2.46858e-18
  64.6000000       2.47935e-18       2.47935e-18
  64.7000000       2.49011e-18       2.49011e-18
  64.8000000       2.50088e-18       2.50088e-18
  64.9000000       2.51165e-18       2.51165e-18
  65.0000000       2.52241e-18       2.52241e-18
  65.1000000       2.53318e-18       2.53318e-18
  65.2000000       2.54394e-18       2.54394e-18
  65.3000000       2.55471e-18       2.55471e-18
  65.4000000       2.56547e-18       2.56547e-18
  65.5000000       2.57624e-18       2.57624e-18
  65.6000000       2.58700e-18       2.58700e-18
  65.7000000       2.59777e-18       2.59777e-18
  65.8000000       2.60853e-18       2.60853e-18
  65.9000000       2.61953e-18       2.61953e-18
  66.0000000       2.63069e-18       2.63069e-18
  66.1000000       2.64185e-18       2.64185e-18
  66.2000000       2.65301e-18       2.65301e-18
  66.3000000       2.66416e-18       2.66416e-18
  66.4000000       2.67532e-18       2.67532e-18
  66.5000000       2.68648e-18       2.68648e-18
  66.6000000       2.69764e-18       2.69764e-18
  66.7000000       2.70880e-18       2.70880e-18
  66.8000000       2.71996e-18       2.71996e-18
  66.9000000       2.73112e-18       2.73112e-18
  67.0000000       2.74228e-18       2.74228e-18
  67.1000000       2.75344e-18       2.75344e-18
  67.2000000       2.76460e-18       2.76460e-18
  67.3000000       2.77576e-18       2.77576e-18
  67.4000000       2.78691e-18       2.78691e-18
  67.5000000       2.79811e-18       2.79811e-18
  67.6000000       2.80962e-18       2.80962e-18
  67.7000000       2.82121e-18       2.82121e-18
  67.8000000       2.83280e-18       2.83280e-18
  67.9000000       2.84438e-18       2.84438e-18
  68.0000000       2.85597e-18       2.85597e-18
  68.1000000       2.86755e-18       2.86755e-18
  68.2000000       2.87914e-18       2.87914e-18
  68.3000000       2.89072e-18       2.89072e-18
  68.4000000       2.90231e-18       2.90231e-18
  68.5000000       2.91390e-18       2.91390e-18
  68.6000000       2.92548e-18       2.92548e-18
  68.7000000       2.93707e-18       2.93707e-18
  68.8000000       2.94865e-18       2.94865e-18
  68.9000000       2.96024e-18       2.96024e-18
  69.0000000       2.97182e-18       2.97182e-18
  69.1000000       2.98341e-18       2.98341e-18
  69.2000000       2.99503e-18       2.99503e-18
  69.3000000       3.00705e-18       3.00705e-18
  69.4000000       3.01921e-18       3.01921e-18
  69.5000000       3.03136e-18       3.03136e-18
  69.6000000       3.04352e-18       3.04352e-18
  69.7000000       3.05567e-18       3.05567e-18
  69.8000000       3.06783e-18       3.06783e-18
  69.9000000       3.07999e-18       3.07999e-18
  70.0000000       3.09214e-18       3.09214e-18
  70.1000000       3.10430e-18       3.10430e-18
  70.2000000       3.11645e-18       3.11645e-18
  70.3000000       3.12861e-18       3.12861e-18
  70.4000000       3.14076e-18       3.14076e-18
  70.5000000       3.15292e-18       3.15292e-18
  70.6000000       3.16507e-18       3.16507e-18
  70.7000000       3.17723e-18       3.17723e-18
  70.8000000       3.18938e-18       3.18938e-18
  70.9000000       3.20154e-18       3.20154e-18
  71.0000000       3.21383e-18       3.21383e-18
  71.1000000       3.22640e-18       3.22640e-18
  71.2000000       3.23898e-18       3.23898e-18
  71.3000000       3.25156e-18       3.25156e-18
  71.4000000       3.26414e-18       3.26414e-18
  71.5000000       3.27672e-18       3.27672e-18
  71.6000000       3.28930e-18       3.28930e-18
  71.7000000       3.30188e-18       3.30188e-18
  71.8000000       3.31446e-18       3.31446e-18
  71.9000000       3.32704e-18       3.32704e-18
  72.0000000       3.33962e-18       3.33962e-18
  72.1000000       3.35220e-18       3.35220e-18
  72.2000000       3.36478e-18       3.36478e-18
  72.3000000       3.37736e-18       3.37736e-18
  72.4000000       3.38994e-18       3.38994e-18
  72.5000000       3.40252e-18       3.40252e-18
  72.6000000       3.41510e-18       3.41510e-18
  72.7000000       3.42768e-18       3.42768e-18
  72.8000000       3.44048e-18       3.44048e-18
  72.9000000       3.45366e-18       3.45366e-18
  73.0000000       3.46685e-18       3.46685e-18
  73.1000000       3.48005e-18       3.48005e-18
  73.2000000       3.49324e-18       3.49324e-18
  73.3000000       3.50643e-18       3.50643e-18
  73.4000000       3.51962e-18       3.51962e-18
  73.5000000       3.53281e-18       3.53281e-18
  73.6000000       3.54600e-18       3.54600e-18
  73.7000000       3.55920e-18       3.55920e-18
  73.8000000       3.57239e-18       3.57239e-18
  73.9000000       3.58558e-18       3.58558e-18
  74.0000000       3.59877e-18       3.59877e-18
  74.1000000       3.61196e-18       3.61196e-18
  74.2000000       3.62515e-18       3.62515e-18
  74.3000000       3.63834e-18       3.63834e-18
  74.4000000       3.65154e-18       3.65154e-18
  74.5000000       3.66473e-18       3.66473e-18
  74.6000000       3.67796e-18       3.67796e-18
  74.7000000       3.69154e-18       3.69154e-18
  74.8000000       3.70520e-18       3.70520e-18
  74.9000000       3.71886e-18       3.71886e-18
  75.0000000       3.73252e-18       3.73252e-18
  75.1000000       3.74618e-18       3.74618e-18
  75.2000000       3.75984e-18       3.75984e-18
  75.3000000       3.77350e-18       3.77350e-18
  75.4000000       3.78716e-18       3.78716e-18
  75.5000000       3.80082e-18       3.80082e-18
  75.6000000       3.81447e-18       3.81447e-18
  75.7000000       3.82813e-18       3.82813e-18
  75.8000000       3.84179e-18       3.84179e-18
  75.9000000       3.85545e-18       3.85545e-18
  76.0000000       3.86911e-18       3.86911e-18
  76.1000000       3.88277e-18       3.88277e-18
  76.2000000       3.89643e-18       3.89643e-18
  76.3000000       3.91009e-18       3.91009e-18
  76.4000000       3.92375e-18       3.92375e-18
  76.5000000       3.93749e-18       3.93749e-18
  76.6000000       3.95168e-18       3.95168e-18
  76.7000000       3.96593e-18       3.96593e-18
  76.8000000       3.98019e-18       3.98019e-18
  76.9000000       3.99444e-18       3.99444e-18
  77.0000000       4.00869e-18       4.00869e-18
  77.1000000       4.02294e-18       4.02294e-18
  77.2000000       4.03720e-18       4.03720e-18
  77.3000000       4.05145e-18       4.05145e-18
  77.4000000       4.06570e-18       4.06570e-18
  77.5000000       4.07995e-18       4.07995e-18
  77.6000000       4.09421e-18       4.09421e-18
  77.7000000       4.10846e-18       4.10846e-18
  77.8000000       4.12271e-18       4.12271e-18
  77.9000000       4.13696e-18       4.13696e-18
  78.0000000       4.15122e-18       4.15122e-18
  78.1000000       4.16547e-18       4.16547e-18
  78.2000000       4.17972e-18       4.17972e-18
  78.3000000       4.19397e-18       4.19397e-18
  78.4000000       4.20823e-18       4.20823e-18
  78.5000000       4.22288e-18       4.22288e-18
  78.6000000       4.23774e-18       4.23774e-18
  78.7000000       4.25259e-18       4.25259e-18
  78.8000000       4.26745e-18       4.26745e-18
  78.9000000       4.28231e-18       4.28231e-18
  79.0000000       4.29716e-18       4.29716e-18
  79.1000000       4.31202e-18       4.31202e-18
  79.2000000       4.32688e-18       4.32688e-18
  79.3000000       4.34174e-18       4.34174e-18
  79.4000000       4.35659e-18       4.35659e-18
  79.5000000       4.37145e-18       4.37145e-18
  79.6000000       4.38631e-18       4.38631e-18
  79.7000000       4.40116e-18       4.40116e-18
  79.8000000       4.41602e-18       4.41602e-18
  79.9000000       4.43088e-18       4.43088e-18
  80.0000000       4.44573e-18       4.44573e-18
  80.1000000       4.46059e-18       4.46059e-18
  80.2000000       4.47545e-18       4.47545e-18
  80.3000000       4.49031e-18       4.49031e-18
  80.4000000       4.50519e-18       4.50519e-18
  80.5000000       4.52048e-18       4.52048e-18
  80.6000000       4.53590e-18       4.53590e-18
  80.7000000       4.55133e-18       4.55133e-18
  80.8000000       4.56675e-18       4.56675e-18
  80.9000000       4.58218e-18       4.58218e-18
  81.0000000       4.59760e-18       4.59760e-18
  81.1000000       4.61303e-18       4.61303e-18
  81.2000000       4.62845e-18       4.62845e-18
  81.3000000       4.64388e-18       4.64388e-18
  81.4000000       4.65930e-18       4.65930e-18
  81.5000000       4.67473e-18       4.67473e-18
  81.6000000       4.69015e-18       4.69015e-18
  81.7000000       4.70557e-18       4.70557e-18
  81.8000000       4.72100e-18       4.72100e-18
  81.9000000       4.73642e-18       4.73642e-18
  82.0000000       4.75185e-18       4.75185e-18
  82.1000000       4.76727e-18       4.76727e-18
  82.2000000       4.78270e-18       4.78270e-18
  82.3000000       4.79812e-18       4.79812e-18
  82.4000000       4.81355e-18       4.81355e-18
  82.5000000       4.82928e-18       4.82928e-18
  82.6000000       4.84537e-18       4.84537e-18
  82.7000000       4.86147e-18       4.86147e-18
  82.8000000       4.87757e-18       4.87757e-18
  82.9000000       4.89366e-18       4.89366e-18
  83.0000000       4.90976e-18       4.90976e-18
  83.1000000       4.92586e-18       4.92586e-18
  83.2000000       4.94195e-18       4.94195e-18
  83.3000000       4.95805e-18       4.95805e-18
  83.4000000       4.97414e-18       4.97414e-18
  83.5000000       4.99024e-18       4.99024e-18
  83.6000000       5.00634e-18       5.00634e-18
  83.7000000       5.02243e-18       5.02243e-18
  83.8000000       5.03853e-18       5.03853e-18
  83.9000000       5.05463e-18       5.05463e-18
  84.0000000       5.07072e-18       5.07072e-18
  84.1000000       5.08682e-18       5.08682e-18
  84.2000000       5.10292e-18       5.10292e-18
  84.3000000       5.11901e-18       5.11901e-18
  84.4000000       5.13511e-18       5.13511e-18
  84.5000000       5.15121e-18       5.15121e-18
  84.6000000       5.16767e-18       5.16767e-18
  84.7000000       5.18440e-18       5.18440e-18
  84.8000000       5.20112e-18       5.20112e-18
  84.9000000       5.21785e-18       5.21785e-18
  85.0000000       5.23458e-18       5.23458e-18
  85.1000000       5.25131e-18       5.25131e-18
  85.2000000       5.26803e-18       5.26803e-18
  85.3000000       5.28476e-18       5.28476e-18
  85.4000000       5.30149e-18       5.30149e-18
  85.5000000       5.31822e-18       5.31822e-18
  85.6000000       5.33494e-18       5.33494e-18
  85.7000000       5.35167e-18       5.35167e-18
  85.8000000       5.36840e-18       5.36840e-18
  85.9000000       5.38512e-18       5.38512e-18
  86.0000000       5.40185e-18       5.40185e-18
  86.1000000       5.41858e-18       5.41858e-18
  86.2000000       5.43531e-18       5.43531e-18
  86.3000000       5.45203e-18       5.45203e-18
  86.4000000       5.46876e-18       5.46876e-18
  86.5000000       5.48549e-18       5.48549e-18
  86.6000000       5.50222e-18       5.50222e-18
  86.7000000       5.51909e-18       5.51909e-18
  86.8000000       5.53642e-18       5.53642e-18
  86.9000000       5.55378e-18       5.55378e-18
  87.0000000       5.57114e-18       5.57114e-18
  87.1000000       5.58851e-18       5.58851e-18
  87.2000000       5.60587e-18       5.60587e-18
  87.3000000       5.62323e-18       5.62323e-18
  87.4000000       5.64059e-18       5.64059e-18
  87.5000000       5.65795e-18       5.65795e-18
  87.6000000       5.67532e-18       5.67532e-18
  87.7000000       5.69268e-18       5.69268e-18
  87.8000000       5.71004e-18       5.71004e-18
  87.9000000       5.72740e-18       5.72740e-18
  88.0000000       5.74477e-18       5.74477e-18
  88.1000000       5.76213e-18       5.76213e-18
  88.2000000       5.77949e-18       5.77949e-18
  88.3000000       5.79685e-18       5.79685e-18
  88.4000000       5.81422e-18       5.81422e-18
  88.5000000       5.83158e-18       5.83158e-18
  88.6000000       5.84894e-18       5.84894e-18
  88.7000000       5.86630e-18       5.86630e-18
  88.8000000       5.88367e-18       5.88367e-18
  88.9000000       5.90122e-18       5.90122e-18
  89.0000000       5.91929e-18       5.91929e-18
  89.1000000       5.93738e-18       5.93738e-18
  89.2000000       5.95547e-18       5.95547e-18
  89.3000000       5.97356e-18       5.97356e-18
  89.4000000       5.99165e-18       5.99165e-18
  89.5000000       6.00973e-18       6.00973e-18
  89.6000000       6.02782e-18       6.02782e-18
  89.7000000       6.04591e-18       6.04591e-18
  89.8000000       6.06400e-18       6.06400e-18
  89.9000000       6.08209e-18       6.08209e-18
  90.0000000       6.10018e-18       6.10018e-18
  90.1000000       6.11827e-18       6.11827e-18
  90.2000000       6.13636e-18       6.13636e-18
  90.3000000       6.15445e-18       6.15445e-18
  90.4000000       6.17254e-18       6.17254e-18
  90.5000000       6.19063e-18       6.19063e-18
  90.6000000       6.20872e-18       6.20872e-18
  90.7000000       6.22681e-18       6.22681e-18
  90.8000000       6.24490e-18       6.24490e-18
  90.9000000       6.26299e-18       6.26299e-18
  91.0000000       6.28108e-18       6.28108e-18
  91.1000000       6.06523e-18       6.06523e-18
  91.2000000       3.59791e-18       1.07503e-18
  91.3000000       6.63161e-18       0.00000e+00
  91.4000000       5.50284e-18       0.00000e+00
  91.5000000       7.24471e-18       0.00000e+00
  91.6000000       7.77524e-18       0.00000e+00
  91.7000000       5.38423e-18       0.00000e+00
  91.8000000       6.88040e-18       0.00000e+00
  91.9000000       8.98631e-18       0.00000e+00
  92.0000000       2.95011e-24       0.00000e+00
  92.1000000       1.20588e-17       0.00000e+00
  92.2000000       2.13312e-24       0.00000e+00
  92.3000000       1.67258e-17       0.00000e+00
  92.4000000       2.99686e-24       0.00000e+00
  92.5000000       2.49753e-24       0.00000e+00
  92.6000000       2.41890e-17       0.00000e+00
  92.7000000       6.26401e-24       0.00000e+00
  92.8000000       1.93752e-24       0.00000e+00
  92.9000000       2.49747e-24       0.00000e+00
  93.0000000       1.44616e-23       0.00000e+00
  93.1000000       3.69340e-17       0.00000e+00
  93.2000000       4.23349e-24       0.00000e+00
  93.3000000       2.07448e-24       0.00000e+00
  93.4000000       1.91688e-24       0.00000e+00
  93.5000000       2.44161e-24       0.00000e+00
  93.6000000       4.61574e-24       0.00000e+00
  93.7000000       2.88784e-23       0.00000e+00
  93.8000000       6.07597e-17       0.00000e+00
  93.9000000       1.03823e-23       0.00000e+00
  94.0000000       3.49656e-24       0.00000e+00
  94.1000000       2.28063e-24       0.00000e+00
  94.2000000       1.94347e-24       0.00000e+00
  94.3000000       1.92082e-24       0.00000e+00
  94.4000000       2.11059e-24       0.00000e+00
  94.5000000       2.56337e-24       0.00000e+00
  94.6000000       3.51887e-24       0.00000e+00
  94.7000000       5.81276e-24       0.00000e+00
  94.8000000       1.36932e-23       0.00000e+00
  94.9000000       1.19058e-22       0.00000e+00
  95.0000000       1.11394e-16       0.00000e+00
  95.1000000       2.78818e-23       0.00000e+00
  95.2000000       8.42211e-24       0.00000e+00
  95.3000000       4.52952e-24       0.00000e+00
  95.4000000       3.12349e-24       0.00000e+00
  95.5000000       2.48385e-24       0.00000e+00
  95.6000000       2.16449e-24       0.00000e+00
  95.7000000       2.00863e-24       0.00000e+00
  95.8000000       1.95138e-24       0.00000e+00
  95.9000000       1.96437e-24       0.00000e+00
  96.0000000       2.03669e-24       0.00000e+00
  96.1000000       2.16834e-24       0.00000e+00
  96.2000000       2.36847e-24       0.00000e+00
  96.3000000       2.65707e-24       0.00000e+00
  96.4000000       3.07039e-24       0.00000e+00
  96.5000000       3.67323e-24       0.00000e+00
  96.6000000       4.58614e-24       0.00000e+00
  96.7000000       6.05107e-24       0.00000e+00
  96.8000000       8.61134e-24       0.00000e+00
  96.9000000       1.37069e-23       0.00000e+00
  97.0000000       2.63168e-23       0.00000e+00
  97.1000000       7.54569e-23       0.00000e+00
  97.2000000       4.17537e-21       0.00000e+00
  97.3000000       2.42900e-16       0.00000e+00
  97.4000000       8.46239e-23       0.00000e+00
  97.5000000       2.82525e-23       0.00000e+00
  97.6000000       1.45495e-23       0.00000e+00
  97.7000000       9.13627e-24       0.00000e+00
  97.8000000       6.45566e-24       0.00000e+00
  97.9000000       4.93986e-24       0.00000e+00
  98.0000000       4.00521e-24       0.00000e+00
  98.1000000       3.39354e-24       0.00000e+00
  98.2000000       2.97625e-24       0.00000e+00
  98.3000000       2.68343e-24       0.00000e+00
  98.4000000       2.47447e-24       0.00000e+00
  98.5000000       2.32448e-24       0.00000e+00
  98.6000000       2.21759e-24       0.00000e+00
  98.7000000       2.14333e-24       0.00000e+00
  98.8000000       2.09464e-24       0.00000e+00
  98.9000000       2.06666e-24       0.00000e+00
  99.0000000       2.05600e-24       0.00000e+00
  99.1000000       2.06046e-24       0.00000e+00
  99.2000000       2.07841e-24       0.00000e+00
  99.3000000       2.10892e-24       0.00000e+00
  99.4000000       2.15149e-24       0.00000e+00
  99.5000000       2.20601e-24       0.00000e+00
  99.6000000       2.27271e-24       0.00000e+00
  99.7000000       2.35216e-24       0.00000e+00
  99.8000000       2.44526e-24       0.00000e+00
  99.9000000       2.55325e-24       0.00000e+00
 100.0000000       2.67780e-24       0.00000e+00
 100.1000000       2.82102e-24       0.00000e+00
 100.2000000       2.98560e-24       0.00000e+00
 100.3000000       3.17493e-24       0.00000e+00
 100.4000000       3.39323e-24       0.00000e+00
 100.5000000       3.64589e-24       0.00000e+00
 100.6000000       3.93972e-24       0.00000e+00
 100.7000000       4.28348e-24       0.00000e+00
 100.8000000       4.68851e-24       0.00000e+00
 100.9000000       5.16967e-24       0.00000e+00
 101.0000000       5.74677e-24       0.00000e+00
 101.1000000       6.44662e-24       0.00000e+00
 101.2000000       7.30623e-24       0.00000e+00
 101.3000000       8.37778e-24       0.00000e+00
 101.4000000       9.73676e-24       0.00000e+00
 101.5000000       1.14957e-23       0.00000e+00
 101.6000000       1.38282e-23       0.00000e+00
 101.7000000       1.70135e-23       0.00000e+00
 101.8000000       2.15248e-23       0.00000e+00
 101.9000000       2.82155e-23       0.00000e+00
 102.0000000       3.87574e-23       0.00000e+00
 102.1000000       5.68037e-23       0.00000e+00
 102.2000000       9.16819e-23       0.00000e+00
 102.3000000       1.73725e-22       0.00000e+00
 102.4000000       4.57465e-22       0.00000e+00
 102.5000000       4.58133e-21       0.00000e+00
 102.6000000       7.37380e-16       0.00000e+00
 102.7000000       9.01949e-22       0.00000e+00
 102.8000000       2.53819e-22       0.00000e+00
 102.9000000       1.20213e-22       0.00000e+00
 103.0000000       7.04504e-23       0.00000e+00
 103.1000000       4.65067e-23       0.00000e+00
 103.2000000       3.31521e-23       0.00000e+00
 103.3000000       2.49447e-23       0.00000e+00
 103.4000000       1.95409e-23       0.00000e+00
 103.5000000       1.57950e-23       0.00000e+00
 103.6000000       1.30926e-23       0.00000e+00
 103.7000000       1.10797e-23       0.00000e+00
 103.8000000       9.54099e-24       0.00000e+00
 103.9000000       8.33907e-24       0.00000e+00
 104.0000000       7.38303e-24       0.00000e+00
 104.1000000       6.61073e-24       0.00000e+00
 104.2000000       5.97853e-24       0.00000e+00
 104.3000000       5.45505e-24       0.00000e+00
 104.4000000       5.01727e-24       0.00000e+00
 104.5000000       4.64795e-24       0.00000e+00
 104.6000000       4.33402e-24       0.00000e+00
 104.7000000       4.06541e-24       0.00000e+00
 104.8000000       3.83423e-24       0.00000e+00
 104.9000000       3.63429e-24       0.00000e+00
 105.0000000       3.46060e-24       0.00000e+00
 105.1000000       3.30917e-24       0.00000e+00
 105.2000000       3.17675e-24       0.00000e+00
 105.3000000       3.06067e-24       0.00000e+00
 105.4000000       2.95873e-24       0.00000e+00
 105.5000000       2.86908e-24       0.00000e+00
 105.6000000       2.79021e-24       0.00000e+00
 105.7000000       2.72081e-24       0.00000e+00
 105.8000000       2.65979e-24       0.00000e+00
 105.9000000       2.60622e-24       0.00000e+00
 106.0000000       2.55931e-24       0.00000e+00
 106.1000000       2.51837e-24       0.00000e+00
 106.2000000       2.48282e-24       0.00000e+00
 106.3000000       2.45214e-24       0.00000e+00
 106.4000000       2.42588e-24       0.00000e+00
 106.5000000       2.40370e-24       0.00000e+00
 106.6000000       2.38520e-24       0.00000e+00
 106.7000000       2.37011e-24       0.00000e+00
 106.8000000       2.35821e-24       0.00000e+00
 106.9000000       2.34925e-24       0.00000e+00
 107.0000000       2.34299e-24       0.00000e+00
 107.1000000       2.33930e-24       0.00000e+00
 107.2000000       2.33864e-24       0.00000e+00
 107.3000000       2.33909e-24       0.00000e+00
 107.4000000       2.34208e-24       0.00000e+00
 107.5000000       2.34738e-24       0.00000e+00
 107.6000000       2.35447e-24       0.00000e+00
 107.7000000       2.36345e-24       0.00000e+00
 107.8000000       2.37424e-24       0.00000e+00
 107.9000000       2.38675e-24       0.00000e+00
 108.0000000       2.40096e-24       0.00000e+00
 108.1000000       2.41679e-24       0.00000e+00
 108.2000000       2.43420e-24       0.00000e+00
 108.3000000       2.45317e-24       0.00000e+00
 108.4000000       2.47367e-24       0.00000e+00
 108.5000000       2.49568e-24       0.00000e+00
 108.6000000       2.51918e-24       0.00000e+00
 108.7000000       2.54415e-24       0.00000e+00
 108.8000000       2.57057e-24       0.00000e+00
 108.9000000       2.59848e-24       0.00000e+00
 109.0000000       2.62782e-24       0.00000e+00
 109.1000000       2.65863e-24       0.00000e+00
 109.2000000       2.69092e-24       0.00000e+00
 109.3000000       2.72467e-24       0.00000e+00
 109.4000000       2.75992e-24       0.00000e+00
 109.5000000       2.79667e-24       0.00000e+00
 109.6000000       2.83493e-24       0.00000e+00
 109.7000000       2.87474e-24       0.00000e+00
 109.8000000       2.91613e-24       0.00000e+00
 109.9000000       2.95911e-24       0.00000e+00
 110.0000000       3.00372e-24       0.00000e+00
 110.1000000       3.04999e-24       0.00000e+00
 110.2000000       3.09796e-24       0.00000e+00
 110.3000000       3.14766e-24       0.00000e+00
 110.4000000       3.19915e-24       0.00000e+00
 110.5000000       3.25247e-24       0.00000e+00
 110.6000000       3.30767e-24       0.00000e+00
 110.7000000       3.36480e-24       0.00000e+00
 110.8000000       3.42391e-24       0.00000e+00
 110.9000000       3.48508e-24       0.00000e+00
 111.0000000       3.54836e-24       0.00000e+00
 111.1000000       3.61382e-24       0.00000e+00
 111.2000000       3.68153e-24       0.00000e+00
 111.3000000       3.75157e-24       0.00000e+00
 111.4000000       3.82404e-24       0.00000e+00
 111.5000000       3.89899e-24       0.00000e+00
 111.6000000       3.97653e-24       0.00000e+00
 111.7000000       4.05676e-24       0.00000e+00
 111.8000000       4.13978e-24       0.00000e+00
 111.9000000       4.22569e-24       0.00000e+00
 112.0000000       4.31462e-24       0.00000e+00
 112.1000000       4.40667e-24       0.00000e+00
 112.2000000       4.50198e-24       0.00000e+00
 112.3000000       4.60068e-24       0.00000e+00
 112.4000000       4.70292e-24       0.00000e+00
 112.5000000       4.80885e-24       0.00000e+00
 112.6000000       4.91862e-24       0.00000e+00
 112.7000000       5.03241e-24       0.00000e+00
 112.8000000       5.15040e-24       0.00000e+00
 112.9000000       5.27277e-24       0.00000e+00
 113.0000000       5.39974e-24       0.00000e+00
 113.1000000       5.53150e-24       0.00000e+00
 113.2000000       5.66831e-24       0.00000e+00
 113.3000000       5.81039e-24       0.00000e+00
 113.4000000       5.95799e-24       0.00000e+00
 113.5000000       6.11142e-24       0.00000e+00
 113.6000000       6.27093e-24       0.00000e+00
 113.7000000       6.43686e-24       0.00000e+00
 113.8000000       6.60953e-24       0.00000e+00
 113.9000000       6.78929e-24       0.00000e+00
 114.0000000       6.97652e-24       0.00000e+00
 114.1000000       7.17163e-24       0.00000e+00
 114.2000000       7.37504e-24       0.00000e+00
 114.3000000       7.58722e-24       0.00000e+00
 114.4000000       7.80866e-24       0.00000e+00
 114.5000000       8.03989e-24       0.00000e+00
 114.6000000       8.28148e-24       0.00000e+00
 114.7000000       8.53403e-24       0.00000e+00
 114.8000000       8.79821e-24       0.00000e+00
 114.9000000       9.07472e-24       0.00000e+00
 115.0000000       9.36432e-24       0.00000e+00
 115.1000000       9.66784e-24       0.00000e+00
 115.2000000       9.98615e-24       0.00000e+00
 115.3000000       1.03202e-23       0.00000e+00
 115.4000000       1.06711e-23       0.00000e+00
 115.5000000       1.10399e-23       0.00000e+00
 115.6000000       1.14278e-23       0.00000e+00
 115.7000000       1.18361e-23       0.00000e+00
 115.8000000       1.22664e-23       0.00000e+00
 115.9000000       1.27201e-23       0.00000e+00
 116.0000000       1.31991e-23       0.00000e+00
 116.1000000       1.37050e-23       0.00000e+00
 116.2000000       1.42401e-23       0.00000e+00
 116.3000000       1.48066e-23       0.00000e+00
 116.4000000       1.54068e-23       0.00000e+00
 116.5000000       1.60436e-23       0.00000e+00
 116.6000000       1.67199e-23       0.00000e+00
 116.7000000       1.74391e-23       0.00000e+00
 116.8000000       1.82047e-23       0.00000e+00
 116.9000000       1.90208e-23       0.00000e+00
 117.0000000       1.98920e-23       0.00000e+00
 117.1000000       2.08233e-23       0.00000e+00
 117.2000000       2.18202e-23       0.00000e+00
 117.3000000       2.28891e-23       0.00000e+00
 117.4000000       2.40369e-23       0.00000e+00
 117.5000000       2.52715e-23       0.00000e+00
 117.6000000       2.66019e-23       0.00000e+00
 117.7000000       2.80382e-23       0.00000e+00
 117.8000000       2.95919e-23       0.00000e+00
 117.9000000       3.12759e-23       0.00000e+00
 118.0000000       3.31052e-23       0.00000e+00
 118.1000000       3.50969e-23       0.00000e+00
 118.2000000       3.72707e-23       0.00000e+00
 118.3000000       3.96493e-23       0.00000e+00
 118.4000000       4.22591e-23       0.00000e+00
 118.5000000       4.51309e-23       0.00000e+00
 118.6000000       4.83009e-23       0.00000e+00
 118.7000000       5.18115e-23       0.00000e+00
 118.8000000       5.57131e-23       0.00000e+00
 118.9000000       6.00657e-23       0.00000e+00
 119.0000000       6.49413e-23       0.00000e+00
 119.1000000       7.04269e-23       0.00000e+00
 119.2000000       7.66279e-23       0.00000e+00
 119.3000000       8.36742e-23       0.00000e+00
 119.4000000       9.17258e-23       0.00000e+00
 119.5000000       1.00983e-22       0.00000e+00
 119.6000000       1.11698e-22       0.00000e+00
 119.7000000       1.24192e-22       0.00000e+00
 119.8000000       1.38882e-22       0.00000e+00
 119.9000000       1.56312e-22       0.00000e+00
 120.0000000       1.77207e-22       0.00000e+00
 120.1000000       2.02546e-22       0.00000e+00
 120.2000000       2.33684e-22       0.00000e+00
 120.3000000       2.72531e-22       0.00000e+00
 120.4000000       3.21852e-22       0.00000e+00
 120.5000000       3.85775e-22       0.00000e+00
 120.6000000       4.70683e-22       0.00000e+00
 120.7000000       5.86865e-22       0.00000e+00
 120.8000000       7.51798e-22       0.00000e+00
 120.9000000       9.97132e-22       0.00000e+00
 121.0000000       1.38515e-21       0.00000e+00
 121.1000000       2.05289e-21       0.00000e+00
 121.2000000       3.35369e-21       0.00000e+00
 121.3000000       6.45557e-21       0.00000e+00
 121.4000000       1.75217e-20       0.00000e+00
 121.5000000       2.24289e-19       0.00000e+00
 121.6000000       5.69994e-15       0.00000e+00
 121.7000000       2.94131e-20       0.00000e+00
 121.8000000       8.64210e-21       0.00000e+00
 121.9000000       4.13632e-21       0.00000e+00
 122.0000000       2.42764e-21       0.00000e+00
 122.1000000       1.59749e-21       0.00000e+00
 122.2000000       1.13159e-21       0.00000e+00
 122.3000000       8.43950e-22       0.00000e+00
 122.4000000       6.53879e-22       0.00000e+00
 122.5000000       5.21706e-22       0.00000e+00
 122.6000000       4.26067e-22       0.00000e+00
 122.7000000       3.54622e-22       0.00000e+00
 122.8000000       2.99838e-22       0.00000e+00
 122.9000000       2.56903e-22       0.00000e+00
 123.0000000       2.22625e-22       0.00000e+00
 123.1000000       1.94820e-22       0.00000e+00
 123.2000000       1.71953e-22       0.00000e+00
 123.3000000       1.52918e-22       0.00000e+00
 123.4000000       1.36903e-22       0.00000e+00
 123.5000000       1.23299e-22       0.00000e+00
 123.6000000       1.11645e-22       0.00000e+00
 123.7000000       1.01585e-22       0.00000e+00
 123.8000000       9.28391e-23       0.00000e+00
 123.9000000       8.51882e-23       0.00000e+00
 124.0000000       7.84562e-23       0.00000e+00
 124.1000000       7.25013e-23       0.00000e+00
 124.2000000       6.72079e-23       0.00000e+00
 124.3000000       6.24813e-23       0.00000e+00
 124.4000000       5.82431e-23       0.00000e+00
 124.5000000       5.44280e-23       0.00000e+00
 124.6000000       5.09814e-23       0.00000e+00
 124.7000000       4.78570e-23       0.00000e+00
 124.8000000       4.50159e-23       0.00000e+00
 124.9000000       4.24247e-23       0.00000e+00
 125.0000000       4.00547e-23       0.00000e+00
 125.1000000       3.78813e-23       0.00000e+00
 125.2000000       3.58834e-23       0.00000e+00
 125.3000000       3.40425e-23       0.00000e+00
 125.4000000       3.23423e-23       0.00000e+00
 125.5000000       3.07690e-23       0.00000e+00
 125.6000000       2.93101e-23       0.00000e+00
 125.7000000       2.79547e-23       0.00000e+00
 125.8000000       2.66933e-23       0.00000e+00
 125.9000000       2.55172e-23       0.00000e+00
 126.0000000       2.44190e-23       0.00000e+00
 126.1000000       2.33918e-23       0.00000e+00
 126.2000000       2.24296e-23       0.00000e+00
 126.3000000       2.15271e-23       0.00000e+00
 126.4000000       2.06793e-23       0.00000e+00
 126.5000000       1.98819e-23       0.00000e+00
 126.6000000       1.91310e-23       0.00000e+00
 126.7000000       1.84230e-23       0.00000e+00
 126.8000000       1.77546e-23       0.00000e+00
 126.9000000       1.71230e-23       0.00000e+00
 127.0000000       1.65255e-23       0.00000e+00
 127.1000000       1.59596e-23       0.00000e+00
 127.2000000       1.54232e-23       0.00000e+00
 127.3000000       1.49141e-23       0.00000e+00
 127.4000000       1.44307e-23       0.00000e+00
 127.5000000       1.39711e-23       0.00000e+00
 127.6000000       1.35338e-23       0.00000e+00
 127.7000000       1.31174e-23       0.00000e+00
 127.8000000       1.27206e-23       0.00000e+00
 127.9000000       1.23421e-23       0.00000e+00
 128.0000000       1.19809e-23       0.00000e+00
 128.1000000       1.16358e-23       0.00000e+00
 128.2000000       1.13060e-23       0.00000e+00
 128.3000000       1.09905e-23       0.00000e+00
 128.4000000       1.06885e-23       0.00000e+00
 128.5000000       1.03992e-23       0.00000e+00
 128.6000000       1.01220e-23       0.00000e+00
 128.7000000       9.85613e-24       0.00000e+00
 128.8000000       9.60102e-24       0.00000e+00
 128.9000000       9.35608e-24       0.00000e+00
 129.0000000       9.12078e-24       0.00000e+00
 129.1000000       8.89460e-24       0.00000e+00
 129.2000000       8.67707e-24       0.00000e+00
 129.3000000       8.46777e-24       0.00000e+00
 129.4000000       8.26627e-24       0.00000e+00
 129.5000000       8.07219e-24       0.00000e+00
 129.6000000       7.88516e-24       0.00000e+00
 129.7000000       7.70485e-24       0.00000e+00
 129.8000000       7.53092e-24       0.00000e+00
 129.9000000       7.36309e-24       0.00000e+00
 130.0000000       7.20107e-24       0.00000e+00
 130.1000000       7.04458e-24       0.00000e+00
 130.2000000       6.89338e-24       0.00000e+00
 130.3000000       6.74722e-24       0.00000e+00
 130.4000000       6.60590e-24       0.00000e+00
 130.5000000       6.46918e-24       0.00000e+00
 130.6000000       6.33688e-24       0.00000e+00
 130.7000000       6.20879e-24       0.00000e+00
 130.8000000       6.08475e-24       0.00000e+00
 130.9000000       5.96457e-24       0.00000e+00
 131.0000000       5.84811e-24       0.00000e+00
 131.1000000       5.73520e-24       0.00000e+00
 131.2000000       5.62571e-24       0.00000e+00
 131.3000000       5.51949e-24       0.00000e+00
 131.4000000       5.41641e-24       0.00000e+00
 131.5000000       5.31634e-24       0.00000e+00
 131.6000000       5.21917e-24       0.00000e+00
 131.7000000       5.12480e-24       0.00000e+00
 131.8000000       5.03313e-24       0.00000e+00
 131.9000000       4.94400e-24       0.00000e+00
 132.0000000       4.85737e-24       0.00000e+00
 132.1000000       4.77314e-24       0.00000e+00
 132.2000000       4.69118e-24       0.00000e+00
 132.3000000       4.61147e-24       0.00000e+00
 132.4000000       4.53389e-24       0.00000e+00
 132.5000000       4.45836e-24       0.00000e+00
 132.6000000       4.38482e-24       0.00000e+00
 132.7000000       4.31321e-24       0.00000e+00
 132.8000000       4.24342e-24       0.00000e+00
 132.9000000       4.17542e-24       0.00000e+00
 133.0000000       4.10917e-24       0.00000e+00
 133.1000000       4.04457e-24       0.00000e+00
 133.2000000       3.98158e-24       0.00000e+00
 133.3000000       3.92017e-24       0.00000e+00
 133.4000000       3.86022e-24       0.00000e+00
 133.5000000       3.80173e-24       0.00000e+00
 133.6000000       3.74469e-24       0.00000e+00
 133.7000000       3.68897e-24       0.00000e+00
 133.8000000       3.63460e-24       0.00000e+00
 133.9000000       3.58147e-24       0.00000e+00
 134.0000000       3.52959e-24       0.00000e+00
 134.1000000       3.47892e-24       0.00000e+00
 134.2000000       3.42940e-24       0.00000e+00
 134.3000000       3.38102e-24       0.00000e+00
 134.4000000       3.33369e-24       0.00000e+00
 134.5000000       3.28746e-24       0.00000e+00
 134.6000000       3.24225e-24       0.00000e+00
 134.7000000       3.19801e-24       0.00000e+00
 134.8000000       3.15475e-24       0.00000e+00
 134.9000000       3.11244e-24       0.00000e+00
 135.0000000       3.07099e-24       0.00000e+00
 135.1000000       3.03048e-24       0.00000e+00
 135.2000000       2.99081e-24       0.00000e+00
 135.3000000       2.95198e-24       0.00000e+00
 135.4000000       2.91393e-24       0.00000e+00
 135.5000000       2.87671e-24       0.00000e+00
 135.6000000       2.84022e-24       0.00000e+00
 135.7000000       2.80447e-24       0.00000e+00
 135.8000000       2.76949e-24       0.00000e+00
 135.9000000       2.73515e-24       0.00000e+00
 136.0000000       2.70155e-24       0.00000e+00
 136.1000000       2.66859e-24       0.00000e+00
 136.2000000       2.63629e-24       0.00000e+00
 136.3000000       2.60462e-24       0.00000e+00
 136.4000000       2.57354e-24       0.00000e+00
 136.5000000       2.54307e-24       0.00000e+00
 136.6000000       2.51321e-24       0.00000e+00
 136.7000000       2.48391e-24       0.00000e+00
 136.8000000       2.45515e-24       0.00000e+00
 136.9000000       2.42690e-24       0.00000e+00
 137.0000000       2.39923e-24       0.00000e+00
 137.1000000       2.37207e-24       0.00000e+00
 137.2000000       2.34537e-24       0.00000e+00
 137.3000000       2.31915e-24       0.00000e+00
 137.4000000       2.29342e-24       0.00000e+00
 137.5000000       2.26821e-24       0.00000e+00
 137.6000000       2.24338e-24       0.00000e+00
 137.7000000       2.21906e-24       0.00000e+00
 137.8000000       2.19506e-24       0.00000e+00
 137.9000000       2.17157e-24       0.00000e+00
 138.0000000       2.14848e-24       0.00000e+00
 138.1000000       2.12580e-24       0.00000e+00
 138.2000000       2.10349e-24       0.00000e+00
 138.3000000       2.08151e-24       0.00000e+00
 138.4000000       2.06005e-24       0.00000e+00
 138.5000000       2.03874e-24       0.00000e+00
 138.6000000       2.01798e-24       0.00000e+00
 138.7000000       1.99751e-24       0.00000e+00
 138.8000000       1.97736e-24       0.00000e+00
 138.9000000       1.95752e-24       0.00000e+00
 139.0000000       1.93802e-24       0.00000e+00
 139.1000000       1.91885e-24       0.00000e+00
 139.2000000       1.90003e-24       0.00000e+00
 139.3000000       1.88149e-24       0.00000e+00
 139.4000000       1.86317e-24       0.00000e+00
 139.5000000       1.84527e-24       0.00000e+00
 139.6000000       1.82757e-24       0.00000e+00
 139.7000000       1.81013e-24       0.00000e+00
 139.8000000       1.79303e-24       0.00000e+00
 139.9000000       1.77618e-24       0.00000e+00
 140.0000000       1.75957e-24       0.00000e+00
 140.1000000       1.74322e-24       0.00000e+00
 140.2000000       1.72712e-24       0.00000e+00
 140.3000000       1.71130e-24       0.00000e+00
 140.4000000       1.69573e-24       0.00000e+00
 140.5000000       1.68022e-24       0.00000e+00
 140.6000000       1.66518e-24       0.00000e+00
 140.7000000       1.65021e-24       0.00000e+00
 140.8000000       1.63558e-24       0.00000e+00
 140.9000000       1.62100e-24       0.00000e+00
 141.0000000       1.60682e-24       0.00000e+00
 141.1000000       1.59277e-24       0.00000e+00
 141.2000000       1.57882e-24       0.00000e+00
 141.3000000       1.56520e-24       0.00000e+00
 141.4000000       1.55175e-24       0.00000e+00
 141.5000000       1.53849e-24       0.00000e+00
 141.6000000       1.52541e-24       0.00000e+00
 141.7000000       1.51253e-24       0.00000e+00
 141.8000000       1.49984e-24       0.00000e+00
 141.9000000       1.48728e-24       0.00000e+00
 142.0000000       1.47484e-24       0.00000e+00
 142.1000000       1.46272e-24       0.00000e+00
 142.2000000       1.45077e-24       0.00000e+00
 142.3000000       1.43874e-24       0.00000e+00
 142.4000000       1.42722e-24       0.00000e+00
 142.5000000       1.41552e-24       0.00000e+00
 142.6000000       1.40434e-24       0.00000e+00
 142.7000000       1.39288e-24       0.00000e+00
 142.8000000       1.38194e-24       0.00000e+00
 142.9000000       1.37106e-24       0.00000e+00
 143.0000000       1.36011e-24       0.00000e+00
 143.1000000       1.34953e-24       0.00000e+00
 143.2000000       1.33907e-24       0.00000e+00
 143.3000000       1.32872e-24       0.00000e+00
 143.4000000       1.31849e-24       0.00000e+00
 143.5000000       1.30837e-24       0.00000e+00
 143.6000000       1.29839e-24       0.00000e+00
 143.7000000       1.28852e-24       0.00000e+00
 143.8000000       1.27879e-24       0.00000e+00
 143.9000000       1.26918e-24       0.00000e+00
 144.0000000       1.25971e-24       0.00000e+00
 144.1000000       1.25038e-24       0.00000e+00
 144.2000000       1.24118e-24       0.00000e+00
 144.3000000       1.23213e-24       0.00000e+00
 144.4000000       1.22295e-24       0.00000e+00
 144.5000000       1.21409e-24       0.00000e+00
 144.6000000       1.20543e-24       0.00000e+00
 144.7000000       1.19660e-24       0.00000e+00
 144.8000000       1.18806e-24       0.00000e+00
 144.9000000       1.17970e-24       0.00000e+00
 145.0000000       1.17114e-24       0.00000e+00
 145.1000000       1.16309e-24       0.00000e+00
 145.2000000       1.15468e-24       0.00000e+00
 145.3000000       1.14680e-24       0.00000e+00
 145.4000000       1.13871e-24       0.00000e+00
 145.5000000       1.13084e-24       0.00000e+00
 145.6000000       1.12323e-24       0.00000e+00
 145.7000000       1.11523e-24       0.00000e+00
 145.8000000       1.10776e-24       0.00000e+00
 145.9000000       1.10035e-24       0.00000e+00
 146.0000000       1.09278e-24       0.00000e+00
 146.1000000       1.08538e-24       0.00000e+00
 146.2000000       1.07818e-24       0.00000e+00
 146.3000000       1.07105e-24       0.00000e+00
 146.4000000       1.06398e-24       0.00000e+00
 146.5000000       1.05695e-24       0.00000e+00
 146.6000000       1.04988e-24       0.00000e+00
 146.7000000       1.04304e-24       0.00000e+00
 146.8000000       1.03627e-24       0.00000e+00
 146.9000000       1.02957e-24       0.00000e+00
 147.0000000       1.02294e-24       0.00000e+00
 147.1000000       1.01638e-24       0.00000e+00
 147.2000000       1.00990e-24       0.00000e+00
 147.3000000       1.00349e-24       0.00000e+00
 147.4000000       9.97159e-25       0.00000e+00
 147.5000000       9.90904e-25       0.00000e+00
 147.6000000       9.84526e-25       0.00000e+00
 147.7000000       9.78386e-25       0.00000e+00
 147.8000000       9.72332e-25       0.00000e+00
 147.9000000       9.66362e-25       0.00000e+00
 148.0000000       9.60477e-25       0.00000e+00
 148.1000000       9.54662e-25       0.00000e+00
 148.2000000       9.48524e-25       0.00000e+00
 148.3000000       9.42858e-25       0.00000e+00
 148.4000000       9.37283e-25       0.00000e+00
 148.5000000       9.31678e-25       0.00000e+00
 148.6000000       9.25807e-25       0.00000e+00
 148.7000000       9.20466e-25       0.00000e+00
 148.8000000       9.15142e-25       0.00000e+00
 148.9000000       9.09350e-25       0.00000e+00
 149.0000000       9.04255e-25       0.00000e+00
 149.1000000       8.98914e-25       0.00000e+00
 149.2000000       8.93519e-25       0.00000e+00
 149.3000000       8.88674e-25       0.00000e+00
 149.4000000       8.83020e-25       0.00000e+00
 149.5000000       8.78346e-25       0.00000e+00
 149.6000000       8.72972e-25       0.00000e+00
 149.7000000       8.68261e-25       0.00000e+00
 149.8000000       8.63063e-25       0.00000e+00
 149.9000000       8.58432e-25       0.00000e+00
 150.0000000       8.53285e-25       0.00000e+00
 150.1000000       8.48868e-25       0.00000e+00
 150.2000000       8.43640e-25       0.00000e+00
 150.3000000       8.39361e-25       0.00000e+00
 150.4000000       8.34355e-25       0.00000e+00
 150.5000000       8.29905e-25       0.00000e+00
 150.6000000       8.25450e-25       0.00000e+00
 150.7000000       8.20596e-25       0.00000e+00
 150.8000000       8.16430e-25       0.00000e+00
 150.9000000       8.11848e-25       0.00000e+00
 151.0000000       8.07323e-25       0.00000e+00
 151.1000000       8.03227e-25       0.00000e+00
 151.2000000       7.98803e-25       0.00000e+00
 151.3000000       7.94333e-25       0.00000e+00
 151.4000000       7.90308e-25       0.00000e+00
 151.5000000       7.86303e-25       0.00000e+00
 151.6000000       7.81668e-25       0.00000e+00
 151.7000000       7.77690e-25       0.00000e+00
 151.8000000       7.73760e-25       0.00000e+00
 151.9000000       7.69851e-25       0.00000e+00
 152.0000000       7.65496e-25       0.00000e+00
 152.1000000       7.61537e-25       0.00000e+00
 152.2000000       7.57709e-25       0.00000e+00
 152.3000000       7.53904e-25       0.00000e+00
 152.4000000       7.50120e-25       0.00000e+00
 152.5000000       7.46127e-25       0.00000e+00
 152.6000000       7.42184e-25       0.00000e+00
 152.7000000       7.38487e-25       0.00000e+00
 152.8000000       7.34814e-25       0.00000e+00
 152.9000000       7.31164e-25       0.00000e+00
 153.0000000       7.27536e-25       0.00000e+00
 153.1000000       7.23933e-25       0.00000e+00
 153.2000000       7.20352e-25       0.00000e+00
 153.3000000       7.16796e-25       0.00000e+00
 153.4000000       7.13051e-25       0.00000e+00
 153.5000000       7.09566e-25       0.00000e+00
 153.6000000       7.06111e-25       0.00000e+00
 153.7000000       7.02680e-25       0.00000e+00
 153.8000000       6.99277e-25       0.00000e+00
 153.9000000       6.95901e-25       0.00000e+00
 154.0000000       6.92550e-25       0.00000e+00
 154.1000000       6.89228e-25       0.00000e+00
 154.2000000       6.85933e-25       0.00000e+00
 154.3000000       6.82665e-25       0.00000e+00
 154.4000000       6.79428e-25       0.00000e+00
 154.5000000       6.76218e-25       0.00000e+00
 154.6000000       6.73037e-25       0.00000e+00
 154.7000000       6.69887e-25       0.00000e+00
 154.8000000       6.66768e-25       0.00000e+00
 154.9000000       6.63678e-25       0.00000e+00
 155.0000000       6.60618e-25       0.00000e+00
 155.1000000       6.57384e-25       0.00000e+00
 155.2000000       6.54303e-25       0.00000e+00
 155.3000000       6.51307e-25       0.00000e+00
 155.4000000       6.48343e-25       0.00000e+00
 155.5000000       6.45413e-25       0.00000e+00
 155.6000000       6.42516e-25       0.00000e+00
 155.7000000       6.39652e-25       0.00000e+00
 155.8000000       6.36824e-25       0.00000e+00
 155.9000000       6.34029e-25       0.00000e+00
 156.0000000       6.31089e-25       0.00000e+00
 156.1000000       6.27983e-25       0.00000e+00
 156.2000000       6.25259e-25       0.00000e+00
 156.3000000       6.22573e-25       0.00000e+00
 156.4000000       6.19923e-25       0.00000e+00
 156.5000000       6.17310e-25       0.00000e+00
 156.6000000       6.14654e-25       0.00000e+00
 156.7000000       6.11449e-25       0.00000e+00
 156.8000000       6.08915e-25       0.00000e+00
 156.9000000       6.06418e-25       0.00000e+00
 157.0000000       6.03962e-25       0.00000e+00
 157.1000000       6.01506e-25       0.00000e+00
 157.2000000       5.98259e-25       0.00000e+00
 157.3000000       5.95886e-25       0.00000e+00
 157.4000000       5.93553e-25       0.00000e+00
 157.5000000       5.91264e-25       0.00000e+00
 157.6000000       5.88359e-25       0.00000e+00
 157.7000000       5.85729e-25       0.00000e+00
 157.8000000       5.83527e-25       0.00000e+00
 157.9000000       5.81370e-25       0.00000e+00
 158.0000000       5.78498e-25       0.00000e+00
 158.1000000       5.75970e-25       0.00000e+00
 158.2000000       5.73904e-25       0.00000e+00
 158.3000000       5.71886e-25       0.00000e+00
 158.4000000       5.68638e-25       0.00000e+00
 158.5000000       5.66628e-25       0.00000e+00
 158.6000000       5.64704e-25       0.00000e+00
 158.7000000       5.62063e-25       0.00000e+00
 158.8000000       5.59545e-25       0.00000e+00
 158.9000000       5.57722e-25       0.00000e+00
 159.0000000       5.55489e-25       0.00000e+00
 159.1000000       5.52662e-25       0.00000e+00
 159.2000000       5.50943e-25       0.00000e+00
 159.3000000       5.48916e-25       0.00000e+00
 159.4000000       5.45990e-25       0.00000e+00
 159.5000000       5.44377e-25       0.00000e+00
 159.6000000       5.42342e-25       0.00000e+00
 159.7000000       5.39533e-25       0.00000e+00
 159.8000000       5.38030e-25       0.00000e+00
 159.9000000       5.35768e-25       0.00000e+00
 160.0000000       5.33298e-25       0.00000e+00
 160.1000000       5.31911e-25       0.00000e+00
 160.2000000       5.29195e-25       0.00000e+00
 160.3000000       5.27296e-25       0.00000e+00
 160.4000000       5.25907e-25       0.00000e+00
 160.5000000       5.22741e-25       0.00000e+00
 160.6000000       5.21534e-25       0.00000e+00
 160.7000000       5.19334e-25       0.00000e+00
 160.8000000       5.17102e-25       0.00000e+00
 160.9000000       5.16021e-25       0.00000e+00
 161.0000000       5.12760e-25       0.00000e+00
 161.1000000       5.11717e-25       0.00000e+00
 161.2000000       5.09473e-25       0.00000e+00
 161.3000000       5.07480e-25       0.00000e+00
 161.4000000       5.06185e-25       0.00000e+00
 161.5000000       5.03310e-25       0.00000e+00
 161.6000000       5.02496e-25       0.00000e+00
 161.7000000       4.99612e-25       0.00000e+00
 161.8000000       4.98464e-25       0.00000e+00
 161.9000000       4.96325e-25       0.00000e+00
 162.0000000       4.94503e-25       0.00000e+00
 162.1000000       4.93038e-25       0.00000e+00
 162.2000000       4.90615e-25       0.00000e+00
 162.3000000       4.89750e-25       0.00000e+00
 162.4000000       4.86802e-25       0.00000e+00
 162.5000000       4.86350e-25       0.00000e+00
 162.6000000       4.83177e-25       0.00000e+00
 162.7000000       4.82689e-25       0.00000e+00
 162.8000000       4.79891e-25       0.00000e+00
 162.9000000       4.79107e-25       0.00000e+00
 163.0000000       4.76604e-25       0.00000e+00
 163.1000000       4.75604e-25       0.00000e+00
 163.2000000       4.73317e-25       0.00000e+00
 163.3000000       4.72185e-25       0.00000e+00
 163.4000000       4.70030e-25       0.00000e+00
 163.5000000       4.68848e-25       0.00000e+00
 163.6000000       4.66742e-25       0.00000e+00
 163.7000000       4.65597e-25       0.00000e+00
 163.8000000       4.63456e-25       0.00000e+00
 163.9000000       4.62432e-25       0.00000e+00
 164.0000000       4.60169e-25       0.00000e+00
 164.1000000       4.59358e-25       0.00000e+00
 164.2000000       4.56883e-25       0.00000e+00
 164.3000000       4.56375e-25       0.00000e+00
 164.4000000       4.53595e-25       0.00000e+00
 164.5000000       4.53484e-25       0.00000e+00
 164.6000000       4.50308e-25       0.00000e+00
 164.7000000       4.50307e-25       0.00000e+00
 164.8000000       4.47401e-25       0.00000e+00
 164.9000000       4.47021e-25       0.00000e+00
 165.0000000       4.44703e-25       0.00000e+00
 165.1000000       4.43734e-25       0.00000e+00
 165.2000000       4.42104e-25       0.00000e+00
 165.3000000       4.40448e-25       0.00000e+00
 165.4000000       4.39607e-25       0.00000e+00
 165.5000000       4.37160e-25       0.00000e+00
 165.6000000       4.37160e-25       0.00000e+00
 165.7000000       4.33926e-25       0.00000e+00
 165.8000000       4.33873e-25       0.00000e+00
 165.9000000       4.31638e-25       0.00000e+00
 166.0000000       4.30587e-25       0.00000e+00
 166.1000000       4.29459e-25       0.00000e+00
 166.2000000       4.27300e-25       0.00000e+00
 166.3000000       4.27298e-25       0.00000e+00
 166.4000000       4.24105e-25       0.00000e+00
 166.5000000       4.24013e-25       0.00000e+00
 166.6000000       4.22151e-25       0.00000e+00
 166.7000000       4.20726e-25       0.00000e+00
 166.8000000       4.20314e-25       0.00000e+00
 166.9000000       4.17440e-25       0.00000e+00
 167.0000000       4.17439e-25       0.00000e+00
 167.1000000       4.15309e-25       0.00000e+00
 167.2000000       4.14152e-25       0.00000e+00
 167.3000000       4.13714e-25       0.00000e+00
 167.4000000       4.10865e-25       0.00000e+00
 167.5000000       4.10865e-25       0.00000e+00
 167.6000000       4.08956e-25       0.00000e+00
 167.7000000       4.07579e-25       0.00000e+00
 167.8000000       4.07577e-25       0.00000e+00
 167.9000000       4.04327e-25       0.00000e+00
 168.0000000       4.04291e-25       0.00000e+00
 168.1000000       4.03116e-25       0.00000e+00
 168.2000000       4.01005e-25       0.00000e+00
 168.3000000       4.01004e-25       0.00000e+00
 168.4000000       3.98752e-25       0.00000e+00
 168.5000000       3.97717e-25       0.00000e+00
 168.6000000       3.97717e-25       0.00000e+00
 168.7000000       3.94527e-25       0.00000e+00
 168.8000000       3.94430e-25       0.00000e+00
 168.9000000       3.93731e-25       0.00000e+00
 169.0000000       3.91144e-25       0.00000e+00
 169.1000000       3.91144e-25       0.00000e+00
 169.2000000       3.89792e-25       0.00000e+00
 169.3000000       3.87856e-25       0.00000e+00
 169.4000000       3.87856e-25       0.00000e+00
 169.5000000       3.86001e-25       0.00000e+00
 169.6000000       3.84570e-25       0.00000e+00
 169.7000000       3.84570e-25       0.00000e+00
 169.8000000       3.82366e-25       0.00000e+00
 169.9000000       3.81283e-25       0.00000e+00
 170.0000000       3.81282e-25       0.00000e+00
 170.1000000       3.78886e-25       0.00000e+00
 170.2000000       3.77996e-25       0.00000e+00
 170.3000000       3.77996e-25       0.00000e+00
 170.4000000       3.75567e-25       0.00000e+00
 170.5000000       3.74709e-25       0.00000e+00
 170.6000000       3.74709e-25       0.00000e+00
 170.7000000       3.72413e-25       0.00000e+00
 170.8000000       3.71422e-25       0.00000e+00
 170.9000000       3.71422e-25       0.00000e+00
 171.0000000       3.69430e-25       0.00000e+00
 171.1000000       3.68135e-25       0.00000e+00
 171.2000000       3.68135e-25       0.00000e+00
 171.3000000       3.66621e-25       0.00000e+00
 171.4000000       3.64848e-25       0.00000e+00
 171.5000000       3.64848e-25       0.00000e+00
 171.6000000       3.63993e-25       0.00000e+00
 171.7000000       3.61562e-25       0.00000e+00
 171.8000000       3.61562e-25       0.00000e+00
 171.9000000       3.61548e-25       0.00000e+00
 172.0000000       3.58275e-25       0.00000e+00
 172.1000000       3.58274e-25       0.00000e+00
 172.2000000       3.58274e-25       0.00000e+00
 172.3000000       3.56005e-25       0.00000e+00
 172.4000000       3.54987e-25       0.00000e+00
 172.5000000       3.54987e-25       0.00000e+00
 172.6000000       3.53945e-25       0.00000e+00
 172.7000000       3.51701e-25       0.00000e+00
 172.8000000       3.51700e-25       0.00000e+00
 172.9000000       3.51700e-25       0.00000e+00
 173.0000000       3.48799e-25       0.00000e+00
 173.1000000       3.48414e-25       0.00000e+00
 173.2000000       3.48413e-25       0.00000e+00
 173.3000000       3.47147e-25       0.00000e+00
 173.4000000       3.45127e-25       0.00000e+00
 173.5000000       3.45127e-25       0.00000e+00
 173.6000000       3.45127e-25       0.00000e+00
 173.7000000       3.42420e-25       0.00000e+00
 173.8000000       3.41840e-25       0.00000e+00
 173.9000000       3.41840e-25       0.00000e+00
 174.0000000       3.41200e-25       0.00000e+00
 174.1000000       3.38553e-25       0.00000e+00
 174.2000000       3.38552e-25       0.00000e+00
 174.3000000       3.38552e-25       0.00000e+00
 174.4000000       3.36918e-25       0.00000e+00
 174.5000000       3.35266e-25       0.00000e+00
 174.6000000       3.35266e-25       0.00000e+00
 174.7000000       3.35266e-25       0.00000e+00
 174.8000000       3.32870e-25       0.00000e+00
 174.9000000       3.31979e-25       0.00000e+00
 175.0000000       3.31979e-25       0.00000e+00
 175.1000000       3.31978e-25       0.00000e+00
 175.2000000       3.29061e-25       0.00000e+00
 175.3000000       3.28692e-25       0.00000e+00
 175.4000000       3.28692e-25       0.00000e+00
 175.5000000       3.28692e-25       0.00000e+00
 175.6000000       3.25499e-25       0.00000e+00
 175.7000000       3.25405e-25       0.00000e+00
 175.8000000       3.25405e-25       0.00000e+00
 175.9000000       3.25404e-25       0.00000e+00
 176.0000000       3.22193e-25       0.00000e+00
 176.1000000       3.22119e-25       0.00000e+00
 176.2000000       3.22119e-25       0.00000e+00
 176.3000000       3.22118e-25       0.00000e+00
 176.4000000       3.19150e-25       0.00000e+00
 176.5000000       3.18831e-25       0.00000e+00
 176.6000000       3.18831e-25       0.00000e+00
 176.7000000       3.18831e-25       0.00000e+00
 176.8000000       3.16380e-25       0.00000e+00
 176.9000000       3.15544e-25       0.00000e+00
 177.0000000       3.15544e-25       0.00000e+00
 177.1000000       3.15544e-25       0.00000e+00
 177.2000000       3.13890e-25       0.00000e+00
 177.3000000       3.12258e-25       0.00000e+00
 177.4000000       3.12258e-25       0.00000e+00
 177.5000000       3.12258e-25       0.00000e+00
 177.6000000       3.11691e-25       0.00000e+00
 177.7000000       3.08971e-25       0.00000e+00
 177.8000000       3.08970e-25       0.00000e+00
 177.9000000       3.08970e-25       0.00000e+00
 178.0000000       3.08970e-25       0.00000e+00
 178.1000000       3.06504e-25       0.00000e+00
 178.2000000       3.05684e-25       0.00000e+00
 178.3000000       3.05684e-25       0.00000e+00
 178.4000000       3.05684e-25       0.00000e+00
 178.5000000       3.04915e-25       0.00000e+00
 178.6000000       3.02397e-25       0.00000e+00
 178.7000000       3.02397e-25       0.00000e+00
 178.8000000       3.02396e-25       0.00000e+00
 178.9000000       3.02397e-25       0.00000e+00
 179.0000000       3.00360e-25       0.00000e+00
 179.1000000       2.99110e-25       0.00000e+00
 179.2000000       2.99109e-25       0.00000e+00
 179.3000000       2.99109e-25       0.00000e+00
 179.4000000       2.99109e-25       0.00000e+00
 179.5000000       2.96136e-25       0.00000e+00
 179.6000000       2.95823e-25       0.00000e+00
 179.7000000       2.95823e-25       0.00000e+00
 179.8000000       2.95823e-25       0.00000e+00
 179.9000000       2.95545e-25       0.00000e+00
 180.0000000       2.92536e-25       0.00000e+00
 180.1000000       2.92536e-25       0.00000e+00
 180.2000000       2.92536e-25       0.00000e+00
 180.3000000       2.92535e-25       0.00000e+00
 180.4000000       2.92023e-25       0.00000e+00
 180.5000000       2.89249e-25       0.00000e+00
 180.6000000       2.89250e-25       0.00000e+00
 180.7000000       2.89249e-25       0.00000e+00
 180.8000000       2.89249e-25       0.00000e+00
 180.9000000       2.88867e-25       0.00000e+00
 181.0000000       2.85962e-25       0.00000e+00
 181.1000000       2.85962e-25       0.00000e+00
 181.2000000       2.85962e-25       0.00000e+00
 181.3000000       2.85962e-25       0.00000e+00
 181.4000000       2.85962e-25       0.00000e+00
 181.5000000       2.82811e-25       0.00000e+00
 181.6000000       2.82675e-25       0.00000e+00
 181.7000000       2.82675e-25       0.00000e+00
 181.8000000       2.82675e-25       0.00000e+00
 181.9000000       2.82675e-25       0.00000e+00
 182.0000000       2.80436e-25       0.00000e+00
 182.1000000       2.79389e-25       0.00000e+00
 182.2000000       2.79388e-25       0.00000e+00
 182.3000000       2.79388e-25       0.00000e+00
 182.4000000       2.79388e-25       0.00000e+00
 182.5000000       2.78475e-25       0.00000e+00
 182.6000000       2.76101e-25       0.00000e+00
 182.7000000       2.76101e-25       0.00000e+00
 182.8000000       2.76101e-25       0.00000e+00
 182.9000000       2.76101e-25       0.00000e+00
 183.0000000       2.76101e-25       0.00000e+00
 183.1000000       2.73654e-25       0.00000e+00
 183.2000000       2.72815e-25       0.00000e+00
 183.3000000       2.72814e-25       0.00000e+00
 183.4000000       2.72815e-25       0.00000e+00
 183.5000000       2.72815e-25       0.00000e+00
 183.6000000       2.72564e-25       0.00000e+00
 183.7000000       2.69528e-25       0.00000e+00
 183.8000000       2.69527e-25       0.00000e+00
 183.9000000       2.69528e-25       0.00000e+00
 184.0000000       2.69527e-25       0.00000e+00
 184.1000000       2.69527e-25       0.00000e+00
 184.2000000       2.68650e-25       0.00000e+00
 184.3000000       2.66241e-25       0.00000e+00
 184.4000000       2.66241e-25       0.00000e+00
 184.5000000       2.66241e-25       0.00000e+00
 184.6000000       2.66241e-25       0.00000e+00
 184.7000000       2.66241e-25       0.00000e+00
 184.8000000       2.65217e-25       0.00000e+00
 184.9000000       2.62954e-25       0.00000e+00
 185.0000000       2.62954e-25       0.00000e+00
 185.1000000       2.62953e-25       0.00000e+00
 185.2000000       2.62954e-25       0.00000e+00
 185.3000000       2.62954e-25       0.00000e+00
 185.4000000       2.62282e-25       0.00000e+00
 185.5000000       2.59667e-25       0.00000e+00
 185.6000000       2.59666e-25       0.00000e+00
 185.7000000       2.59667e-25       0.00000e+00
 185.8000000       2.59666e-25       0.00000e+00
 185.9000000       2.59666e-25       0.00000e+00
 186.0000000       2.59665e-25       0.00000e+00
 186.1000000       2.56583e-25       0.00000e+00
 186.2000000       2.56380e-25       0.00000e+00
 186.3000000       2.56380e-25       0.00000e+00
 186.4000000       2.56380e-25       0.00000e+00
 186.5000000       2.56380e-25       0.00000e+00
 186.6000000       2.56380e-25       0.00000e+00
 186.7000000       2.54712e-25       0.00000e+00
 186.8000000       2.53093e-25       0.00000e+00
 186.9000000       2.53093e-25       0.00000e+00
 187.0000000       2.53093e-25       0.00000e+00
 187.1000000       2.53093e-25       0.00000e+00
 187.2000000       2.53092e-25       0.00000e+00
 187.3000000       2.53092e-25       0.00000e+00
 187.4000000       2.50120e-25       0.00000e+00
 187.5000000       2.49807e-25       0.00000e+00
 187.6000000       2.49806e-25       0.00000e+00
 187.7000000       2.49806e-25       0.00000e+00
 187.8000000       2.49806e-25       0.00000e+00
 187.9000000       2.49806e-25       0.00000e+00
 188.0000000       2.49405e-25       0.00000e+00
 188.1000000       2.46519e-25       0.00000e+00
 188.2000000       2.46519e-25       0.00000e+00
 188.3000000       2.46519e-25       0.00000e+00
 188.4000000       2.46519e-25       0.00000e+00
 188.5000000       2.46519e-25       0.00000e+00
 188.6000000       2.46519e-25       0.00000e+00
 188.7000000       2.46020e-25       0.00000e+00
 188.8000000       2.43232e-25       0.00000e+00
 188.9000000       2.43232e-25       0.00000e+00
 189.0000000       2.43231e-25       0.00000e+00
 189.1000000       2.43232e-25       0.00000e+00
 189.2000000       2.43232e-25       0.00000e+00
 189.3000000       2.43231e-25       0.00000e+00
 189.4000000       2.43231e-25       0.00000e+00
 189.5000000       2.39989e-25       0.00000e+00
 189.6000000       2.39946e-25       0.00000e+00
 189.7000000       2.39945e-25       0.00000e+00
 189.8000000       2.39945e-25       0.00000e+00
 189.9000000       2.39946e-25       0.00000e+00
 190.0000000       2.39945e-25       0.00000e+00
 190.1000000       2.39945e-25       0.00000e+00
 190.2000000       2.37918e-25       0.00000e+00
 190.3000000       2.36658e-25       0.00000e+00
 190.4000000       2.36658e-25       0.00000e+00
 190.5000000       2.36658e-25       0.00000e+00
 190.6000000       2.36658e-25       0.00000e+00
 190.7000000       2.36658e-25       0.00000e+00
 190.8000000       2.36658e-25       0.00000e+00
 190.9000000       2.36552e-25       0.00000e+00
 191.0000000       2.33372e-25       0.00000e+00
 191.1000000       2.33372e-25       0.00000e+00
 191.2000000       2.33372e-25       0.00000e+00
 191.3000000       2.33372e-25       0.00000e+00
 191.4000000       2.33371e-25       0.00000e+00
 191.5000000       2.33372e-25       0.00000e+00
 191.6000000       2.33372e-25       0.00000e+00
 191.7000000       2.32635e-25       0.00000e+00
 191.8000000       2.30085e-25       0.00000e+00
 191.9000000       2.30084e-25       0.00000e+00
 192.0000000       2.30085e-25       0.00000e+00
 192.1000000       2.30084e-25       0.00000e+00
 192.2000000       2.30084e-25       0.00000e+00
 192.3000000       2.30084e-25       0.00000e+00
 192.4000000       2.30084e-25       0.00000e+00
 192.5000000       2.29489e-25       0.00000e+00
 192.6000000       2.26798e-25       0.00000e+00
 192.7000000       2.26798e-25       0.00000e+00
 192.8000000       2.26798e-25       0.00000e+00
 192.9000000       2.26798e-25       0.00000e+00
 193.0000000       2.26798e-25       0.00000e+00
 193.1000000       2.26798e-25       0.00000e+00
 193.2000000       2.26798e-25       0.00000e+00
 193.3000000       2.26797e-25       0.00000e+00
 193.4000000       2.23865e-25       0.00000e+00
 193.5000000       2.23511e-25       0.00000e+00
 193.6000000       2.23511e-25       0.00000e+00
 193.7000000       2.23511e-25       0.00000e+00
 193.8000000       2.23510e-25       0.00000e+00
 193.9000000       2.23511e-25       0.00000e+00
 194.0000000       2.23511e-25       0.00000e+00
 194.1000000       2.23510e-25       0.00000e+00
 194.2000000       2.22376e-25       0.00000e+00
 194.3000000       2.20223e-25       0.00000e+00
 194.4000000       2.20224e-25       0.00000e+00
 194.5000000       2.20223e-25       0.00000e+00
 194.6000000       2.20223e-25       0.00000e+00
 194.7000000       2.20224e-25       0.00000e+00
 194.8000000       2.20223e-25       0.00000e+00
 194.9000000       2.20223e-25       0.00000e+00
 195.0000000       2.20222e-25       0.00000e+00
 195.1000000       2.18492e-25       0.00000e+00
 195.2000000       2.16937e-25       0.00000e+00
 195.3000000       2.16937e-25       0.00000e+00
 195.4000000       2.16937e-25       0.00000e+00
 195.5000000       2.16937e-25       0.00000e+00
 195.6000000       2.16937e-25       0.00000e+00
 195.7000000       2.16937e-25       0.00000e+00
 195.8000000       2.16937e-25       0.00000e+00
 195.9000000       2.16937e-25       0.00000e+00
 196.0000000       2.15544e-25       0.00000e+00
 196.1000000       2.13650e-25       0.00000e+00
 196.2000000       2.13650e-25       0.00000e+00
 196.3000000       2.13650e-25       0.00000e+00
 196.4000000       2.13650e-25       0.00000e+00
 196.5000000       2.13649e-25       0.00000e+00
 196.6000000       2.13650e-25       0.00000e+00
 196.7000000       2.13650e-25       0.00000e+00
 196.8000000       2.13649e-25       0.00000e+00
 196.9000000       2.13584e-25       0.00000e+00
 197.0000000       2.10363e-25       0.00000e+00
 197.1000000       2.10364e-25       0.00000e+00
 197.2000000       2.10363e-25       0.00000e+00
 197.3000000       2.10363e-25       0.00000e+00
 197.4000000       2.10364e-25       0.00000e+00
 197.5000000       2.10363e-25       0.00000e+00
 197.6000000       2.10363e-25       0.00000e+00
 197.7000000       2.10363e-25       0.00000e+00
 197.8000000       2.10363e-25       0.00000e+00
 197.9000000       2.09374e-25       0.00000e+00
 198.0000000       2.07076e-25       0.00000e+00
 198.1000000       2.07076e-25       0.00000e+00
 198.2000000       2.07076e-25       0.00000e+00
 198.3000000       2.07076e-25       0.00000e+00
 198.4000000       2.07076e-25       0.00000e+00
 198.5000000       2.07076e-25       0.00000e+00
 198.6000000       2.07076e-25       0.00000e+00
 198.7000000       2.07076e-25       0.00000e+00
 198.8000000       2.07076e-25       0.00000e+00
 198.9000000       2.06260e-25       0.00000e+00
 199.0000000       2.03789e-25       0.00000e+00
 199.1000000       2.03789e-25       0.00000e+00
 199.2000000       2.03789e-25       0.00000e+00
 199.3000000       2.03789e-25       0.00000e+00
 199.4000000       2.03789e-25       0.00000e+00
 199.5000000       2.03788e-25       0.00000e+00
 199.6000000       2.03789e-25       0.00000e+00
 199.7000000       2.03789e-25       0.00000e+00
 199.8000000       2.03788e-25       0.00000e+00
 199.9000000       2.03788e-25       0.00000e+00
