# Cross sections for OH
# Converted from earlier Leiden database cross sections by Alan Heays 2016-02-24
# Photodissociation source: OH P.D. cf. van Dishoeck & Dalgarno '84
# Lines represented with gaussian of width 1.0 nm FWHM
# wavelength: (nm)
# photoabsorption:    cross section (cm2)
# photodissociation:  cross section (cm2)
# 
# wavelength   photoabsorption photodissociation
  91.3000000       2.23361e-21       2.23361e-21
  91.4000000       3.57377e-21       3.57377e-21
  91.5000000       5.36066e-21       5.36066e-21
  91.6000000       7.14754e-21       7.14754e-21
  91.7000000       8.93443e-21       8.93443e-21
  91.8000000       1.07213e-20       1.07213e-20
  91.9000000       1.25082e-20       1.25082e-20
  92.0000000       1.42951e-20       1.42951e-20
  92.1000000       1.60820e-20       1.60820e-20
  92.2000000       1.78689e-20       1.78689e-20
  92.3000000       1.96557e-20       1.96557e-20
  92.4000000       2.14426e-20       2.14426e-20
  92.5000000       2.32295e-20       2.32295e-20
  92.6000000       2.50164e-20       2.50164e-20
  92.7000000       2.68033e-20       2.68033e-20
  92.8000000       2.85902e-20       2.85902e-20
  92.9000000       3.03770e-20       3.03770e-20
  93.0000000       3.21639e-20       3.21639e-20
  93.1000000       3.39508e-20       3.39508e-20
  93.2000000       3.57377e-20       3.57377e-20
  93.3000000       3.75246e-20       3.75246e-20
  93.4000000       3.93115e-20       3.93115e-20
  93.5000000       4.10984e-20       4.10984e-20
  93.6000000       4.28852e-20       4.28852e-20
  93.7000000       4.46721e-20       4.46721e-20
  93.8000000       4.64590e-20       4.64590e-20
  93.9000000       4.82459e-20       4.82459e-20
  94.0000000       5.00328e-20       5.00328e-20
  94.1000000       5.18197e-20       5.18197e-20
  94.2000000       5.36066e-20       5.36066e-20
  94.3000000       5.53934e-20       5.53934e-20
  94.4000000       5.71803e-20       5.71803e-20
  94.5000000       5.89672e-20       5.89672e-20
  94.6000000       6.07541e-20       6.07541e-20
  94.7000000       6.25410e-20       6.25410e-20
  94.8000000       6.43279e-20       6.43279e-20
  94.9000000       6.61148e-20       6.61148e-20
  95.0000000       6.79016e-20       6.79016e-20
  95.1000000       6.96885e-20       6.96885e-20
  95.2000000       7.14754e-20       7.14754e-20
  95.3000000       7.32623e-20       7.32623e-20
  95.4000000       7.50492e-20       7.50492e-20
  95.5000000       7.68361e-20       7.68361e-20
  95.6000000       7.86230e-20       7.86230e-20
  95.7000000       8.04098e-20       8.04098e-20
  95.8000000       8.21967e-20       8.21967e-20
  95.9000000       8.39836e-20       8.39836e-20
  96.0000000       8.57705e-20       8.57705e-20
  96.1000000       8.75574e-20       8.75574e-20
  96.2000000       8.93443e-20       8.93443e-20
  96.3000000       9.11311e-20       9.11311e-20
  96.4000000       9.29180e-20       9.29180e-20
  96.5000000       9.47049e-20       9.47049e-20
  96.6000000       9.64918e-20       9.64918e-20
  96.7000000       9.82787e-20       9.82787e-20
  96.8000000       1.00066e-19       1.00066e-19
  96.9000000       1.01852e-19       1.01852e-19
  97.0000000       1.03639e-19       1.03639e-19
  97.1000000       1.05426e-19       1.05426e-19
  97.2000000       1.07213e-19       1.07213e-19
  97.3000000       1.10954e-19       1.10954e-19
  97.4000000       1.26421e-19       1.26421e-19
  97.5000000       1.43843e-19       1.43843e-19
  97.6000000       1.61265e-19       1.61265e-19
  97.7000000       1.78690e-19       1.78690e-19
  97.8000000       1.96126e-19       1.96126e-19
  97.9000000       2.13592e-19       2.13592e-19
  98.0000000       2.31149e-19       2.31149e-19
  98.1000000       2.48953e-19       2.48953e-19
  98.2000000       2.67398e-19       2.67398e-19
  98.3000000       2.87398e-19       2.87398e-19
  98.4000000       3.10953e-19       3.10953e-19
  98.5000000       3.42140e-19       3.42140e-19
  98.6000000       3.88699e-19       3.88699e-19
  98.7000000       4.64251e-19       4.64251e-19
  98.8000000       5.90902e-19       5.90902e-19
  98.9000000       8.01453e-19       8.01453e-19
  99.0000000       1.13982e-18       1.13982e-18
  99.1000000       1.65775e-18       1.65775e-18
  99.2000000       2.40954e-18       2.40954e-18
  99.3000000       3.44749e-18       3.44749e-18
  99.4000000       4.75682e-18       4.75682e-18
  99.5000000       6.28527e-18       6.28527e-18
  99.6000000       7.92412e-18       7.92412e-18
  99.7000000       9.51097e-18       9.51097e-18
  99.8000000       1.08537e-17       1.08537e-17
  99.9000000       1.17688e-17       1.17688e-17
 100.0000000       1.21242e-17       1.21242e-17
 100.1000000       1.18721e-17       1.18721e-17
 100.2000000       1.10622e-17       1.10622e-17
 100.3000000       9.82828e-18       9.82828e-18
 100.4000000       8.35462e-18       8.35462e-18
 100.5000000       6.83348e-18       6.83348e-18
 100.6000000       5.42661e-18       5.42661e-18
 100.7000000       4.24183e-18       4.24183e-18
 100.8000000       3.32774e-18       3.32774e-18
 100.9000000       2.68371e-18       2.68371e-18
 101.0000000       2.27788e-18       2.27788e-18
 101.1000000       2.06571e-18       2.06571e-18
 101.2000000       2.00347e-18       2.00347e-18
 101.3000000       2.05463e-18       2.05463e-18
 101.4000000       2.19000e-18       2.19000e-18
 101.5000000       2.38410e-18       2.38410e-18
 101.6000000       2.61651e-18       2.61651e-18
 101.7000000       2.88622e-18       2.88622e-18
 101.8000000       3.13550e-18       3.13550e-18
 101.9000000       3.33104e-18       3.33104e-18
 102.0000000       3.45263e-18       3.45263e-18
 102.1000000       3.49218e-18       3.49218e-18
 102.2000000       3.45548e-18       3.45548e-18
 102.3000000       3.36045e-18       3.36045e-18
 102.4000000       3.23265e-18       3.23265e-18
 102.5000000       3.09934e-18       3.09934e-18
 102.6000000       2.98444e-18       2.98444e-18
 102.7000000       2.90544e-18       2.90544e-18
 102.8000000       2.87300e-18       2.87300e-18
 102.9000000       2.89255e-18       2.89255e-18
 103.0000000       2.96678e-18       2.96678e-18
 103.1000000       3.09759e-18       3.09759e-18
 103.2000000       3.28664e-18       3.28664e-18
 103.3000000       3.53914e-18       3.53914e-18
 103.4000000       3.87656e-18       3.87656e-18
 103.5000000       4.26150e-18       4.26150e-18
 103.6000000       4.66787e-18       4.66787e-18
 103.7000000       5.06611e-18       5.06611e-18
 103.8000000       5.42198e-18       5.42198e-18
 103.9000000       5.70300e-18       5.70300e-18
 104.0000000       5.88577e-18       5.88577e-18
 104.1000000       5.96175e-18       5.96175e-18
 104.2000000       5.93940e-18       5.93940e-18
 104.3000000       5.84199e-18       5.84199e-18
 104.4000000       5.70171e-18       5.70171e-18
 104.5000000       5.55225e-18       5.55225e-18
 104.6000000       5.42204e-18       5.42204e-18
 104.7000000       5.33015e-18       5.33015e-18
 104.8000000       5.28513e-18       5.28513e-18
 104.9000000       5.28667e-18       5.28667e-18
 105.0000000       5.32747e-18       5.32747e-18
 105.1000000       5.39343e-18       5.39343e-18
 105.2000000       5.48069e-18       5.48069e-18
 105.3000000       5.58264e-18       5.58264e-18
 105.4000000       5.69352e-18       5.69352e-18
 105.5000000       5.80948e-18       5.80948e-18
 105.6000000       5.92812e-18       5.92812e-18
 105.7000000       6.04810e-18       6.04810e-18
 105.8000000       6.16870e-18       6.16870e-18
 105.9000000       6.28958e-18       6.28958e-18
 106.0000000       6.41056e-18       6.41056e-18
 106.1000000       6.53159e-18       6.53159e-18
 106.2000000       6.65264e-18       6.65264e-18
 106.3000000       6.77369e-18       6.77369e-18
 106.4000000       6.89474e-18       6.89474e-18
 106.5000000       7.01579e-18       7.01579e-18
 106.6000000       7.13684e-18       7.13684e-18
 106.7000000       7.25789e-18       7.25789e-18
 106.8000000       7.37895e-18       7.37895e-18
 106.9000000       7.49079e-18       7.49079e-18
 107.0000000       7.54737e-18       7.54737e-18
 107.1000000       7.59474e-18       7.59474e-18
 107.2000000       7.64211e-18       7.64211e-18
 107.3000000       7.68948e-18       7.68948e-18
 107.4000000       7.73685e-18       7.73685e-18
 107.5000000       7.78422e-18       7.78422e-18
 107.6000000       7.83162e-18       7.83162e-18
 107.7000000       7.87905e-18       7.87905e-18
 107.8000000       7.92660e-18       7.92660e-18
 107.9000000       7.97437e-18       7.97437e-18
 108.0000000       8.02266e-18       8.02266e-18
 108.1000000       8.07198e-18       8.07198e-18
 108.2000000       8.12323e-18       8.12323e-18
 108.3000000       8.17789e-18       8.17789e-18
 108.4000000       8.23815e-18       8.23815e-18
 108.5000000       8.30695e-18       8.30695e-18
 108.6000000       8.38774e-18       8.38774e-18
 108.7000000       8.48393e-18       8.48393e-18
 108.8000000       8.57876e-18       8.57876e-18
 108.9000000       8.57680e-18       8.57680e-18
 109.0000000       8.57034e-18       8.57034e-18
 109.1000000       8.57124e-18       8.57124e-18
 109.2000000       8.56862e-18       8.56862e-18
 109.3000000       8.54965e-18       8.54965e-18
 109.4000000       8.50202e-18       8.50202e-18
 109.5000000       8.41685e-18       8.41685e-18
 109.6000000       8.29091e-18       8.29091e-18
 109.7000000       8.14156e-18       8.14156e-18
 109.8000000       8.04835e-18       8.04835e-18
 109.9000000       7.95290e-18       7.95290e-18
 110.0000000       7.85395e-18       7.85395e-18
 110.1000000       7.76235e-18       7.76235e-18
 110.2000000       7.68538e-18       7.68538e-18
 110.3000000       7.62629e-18       7.62629e-18
 110.4000000       7.58498e-18       7.58498e-18
 110.5000000       7.55906e-18       7.55906e-18
 110.6000000       7.54513e-18       7.54513e-18
 110.7000000       7.53973e-18       7.53973e-18
 110.8000000       7.53994e-18       7.53994e-18
 110.9000000       7.54355e-18       7.54355e-18
 111.0000000       7.54911e-18       7.54911e-18
 111.1000000       7.55569e-18       7.55569e-18
 111.2000000       7.56278e-18       7.56278e-18
 111.3000000       7.57011e-18       7.57011e-18
 111.4000000       7.57754e-18       7.57754e-18
 111.5000000       7.58501e-18       7.58501e-18
 111.6000000       7.59250e-18       7.59250e-18
 111.7000000       7.58853e-18       7.58853e-18
 111.8000000       7.51571e-18       7.51571e-18
 111.9000000       7.43143e-18       7.43143e-18
 112.0000000       7.34714e-18       7.34714e-18
 112.1000000       7.26286e-18       7.26286e-18
 112.2000000       7.17857e-18       7.17857e-18
 112.3000000       7.09429e-18       7.09429e-18
 112.4000000       7.01000e-18       7.01000e-18
 112.5000000       6.92571e-18       6.92571e-18
 112.6000000       6.84143e-18       6.84143e-18
 112.7000000       6.75714e-18       6.75714e-18
 112.8000000       6.67286e-18       6.67286e-18
 112.9000000       6.58857e-18       6.58857e-18
 113.0000000       6.50429e-18       6.50429e-18
 113.1000000       6.42000e-18       6.42000e-18
 113.2000000       6.33571e-18       6.33571e-18
 113.3000000       6.25143e-18       6.25143e-18
 113.4000000       6.16714e-18       6.16714e-18
 113.5000000       6.08286e-18       6.08286e-18
 113.6000000       5.99857e-18       5.99857e-18
 113.7000000       5.91429e-18       5.91429e-18
 113.8000000       5.83042e-18       5.83042e-18
 113.9000000       5.74905e-18       5.74905e-18
 114.0000000       5.66810e-18       5.66810e-18
 114.1000000       5.58714e-18       5.58714e-18
 114.2000000       5.50619e-18       5.50619e-18
 114.3000000       5.42524e-18       5.42524e-18
 114.4000000       5.34429e-18       5.34429e-18
 114.5000000       5.26333e-18       5.26333e-18
 114.6000000       5.18238e-18       5.18238e-18
 114.7000000       5.10143e-18       5.10143e-18
 114.8000000       5.02048e-18       5.02048e-18
 114.9000000       4.93952e-18       4.93952e-18
 115.0000000       4.85857e-18       4.85857e-18
 115.1000000       4.77762e-18       4.77762e-18
 115.2000000       4.69667e-18       4.69667e-18
 115.3000000       4.61571e-18       4.61571e-18
 115.4000000       4.53476e-18       4.53476e-18
 115.5000000       4.45381e-18       4.45381e-18
 115.6000000       4.37286e-18       4.37286e-18
 115.7000000       4.29190e-18       4.29190e-18
 115.8000000       4.21095e-18       4.21095e-18
 115.9000000       4.13370e-18       4.13370e-18
 116.0000000       4.07864e-18       4.07864e-18
 116.1000000       4.02727e-18       4.02727e-18
 116.2000000       3.97591e-18       3.97591e-18
 116.3000000       3.92455e-18       3.92455e-18
 116.4000000       3.87318e-18       3.87318e-18
 116.5000000       3.82183e-18       3.82183e-18
 116.6000000       3.77048e-18       3.77048e-18
 116.7000000       3.71916e-18       3.71916e-18
 116.8000000       3.66789e-18       3.66789e-18
 116.9000000       3.61674e-18       3.61674e-18
 117.0000000       3.56583e-18       3.56583e-18
 117.1000000       3.51538e-18       3.51538e-18
 117.2000000       3.46573e-18       3.46573e-18
 117.3000000       3.41739e-18       3.41739e-18
 117.4000000       3.37105e-18       3.37105e-18
 117.5000000       3.32753e-18       3.32753e-18
 117.6000000       3.28762e-18       3.28762e-18
 117.7000000       3.25187e-18       3.25187e-18
 117.8000000       3.22032e-18       3.22032e-18
 117.9000000       3.19220e-18       3.19220e-18
 118.0000000       3.16581e-18       3.16581e-18
 118.1000000       3.14240e-18       3.14240e-18
 118.2000000       3.13802e-18       3.13802e-18
 118.3000000       3.13073e-18       3.13073e-18
 118.4000000       3.11463e-18       3.11463e-18
 118.5000000       3.08896e-18       3.08896e-18
 118.6000000       3.05449e-18       3.05449e-18
 118.7000000       3.01330e-18       3.01330e-18
 118.8000000       2.96827e-18       2.96827e-18
 118.9000000       2.92242e-18       2.92242e-18
 119.0000000       2.87829e-18       2.87829e-18
 119.1000000       2.83759e-18       2.83759e-18
 119.2000000       2.80109e-18       2.80109e-18
 119.3000000       2.76876e-18       2.76876e-18
 119.4000000       2.74004e-18       2.74004e-18
 119.5000000       2.71413e-18       2.71413e-18
 119.6000000       2.69022e-18       2.69022e-18
 119.7000000       2.66763e-18       2.66763e-18
 119.8000000       2.64584e-18       2.64584e-18
 119.9000000       2.62451e-18       2.62451e-18
 120.0000000       2.60345e-18       2.60345e-18
 120.1000000       2.58257e-18       2.58257e-18
 120.2000000       2.56192e-18       2.56192e-18
 120.3000000       2.54170e-18       2.54170e-18
 120.4000000       2.52243e-18       2.52243e-18
 120.5000000       2.50518e-18       2.50518e-18
 120.6000000       2.49198e-18       2.49198e-18
 120.7000000       2.48644e-18       2.48644e-18
 120.8000000       2.49437e-18       2.49437e-18
 120.9000000       2.52444e-18       2.52444e-18
 121.0000000       2.58822e-18       2.58822e-18
 121.1000000       2.69938e-18       2.69938e-18
 121.2000000       2.87134e-18       2.87134e-18
 121.3000000       3.11349e-18       3.11349e-18
 121.4000000       3.42634e-18       3.42634e-18
 121.5000000       3.79765e-18       3.79765e-18
 121.6000000       4.20213e-18       4.20213e-18
 121.7000000       4.59344e-18       4.59344e-18
 121.8000000       4.92010e-18       4.92010e-18
 121.9000000       5.13356e-18       5.13356e-18
 122.0000000       5.19873e-18       5.19873e-18
 122.1000000       5.10279e-18       5.10279e-18
 122.2000000       4.85857e-18       4.85857e-18
 122.3000000       4.50113e-18       4.50113e-18
 122.4000000       4.07905e-18       4.07905e-18
 122.5000000       3.64312e-18       3.64312e-18
 122.6000000       3.23623e-18       3.23623e-18
 122.7000000       2.88711e-18       2.88711e-18
 122.8000000       2.61009e-18       2.61009e-18
 122.9000000       2.41165e-18       2.41165e-18
 123.0000000       2.27541e-18       2.27541e-18
 123.1000000       2.18654e-18       2.18654e-18
 123.2000000       2.13139e-18       2.13139e-18
 123.3000000       2.09837e-18       2.09837e-18
 123.4000000       2.07883e-18       2.07883e-18
 123.5000000       2.06694e-18       2.06694e-18
 123.6000000       2.05911e-18       2.05911e-18
 123.7000000       2.05329e-18       2.05329e-18
 123.8000000       2.04841e-18       2.04841e-18
 123.9000000       2.04394e-18       2.04394e-18
 124.0000000       2.03996e-18       2.03996e-18
 124.1000000       2.03738e-18       2.03738e-18
 124.2000000       2.03497e-18       2.03497e-18
 124.3000000       2.03256e-18       2.03256e-18
 124.4000000       2.03016e-18       2.03016e-18
 124.5000000       2.02776e-18       2.02776e-18
 124.6000000       2.02536e-18       2.02536e-18
 124.7000000       2.02296e-18       2.02296e-18
 124.8000000       2.02056e-18       2.02056e-18
 124.9000000       2.01816e-18       2.01816e-18
 125.0000000       2.01576e-18       2.01576e-18
 125.1000000       2.01336e-18       2.01336e-18
 125.2000000       2.01093e-18       2.01093e-18
 125.3000000       2.00538e-18       2.00538e-18
 125.4000000       1.99769e-18       1.99769e-18
 125.5000000       1.99000e-18       1.99000e-18
 125.6000000       1.98231e-18       1.98231e-18
 125.7000000       1.97462e-18       1.97462e-18
 125.8000000       1.96692e-18       1.96692e-18
 125.9000000       1.95923e-18       1.95923e-18
 126.0000000       1.95154e-18       1.95154e-18
 126.1000000       1.94385e-18       1.94385e-18
 126.2000000       1.93615e-18       1.93615e-18
 126.3000000       1.92846e-18       1.92846e-18
 126.4000000       1.92077e-18       1.92077e-18
 126.5000000       1.91306e-18       1.91306e-18
 126.6000000       1.90391e-18       1.90391e-18
 126.7000000       1.89375e-18       1.89375e-18
 126.8000000       1.88359e-18       1.88359e-18
 126.9000000       1.87344e-18       1.87344e-18
 127.0000000       1.86328e-18       1.86328e-18
 127.1000000       1.85313e-18       1.85313e-18
 127.2000000       1.84297e-18       1.84297e-18
 127.3000000       1.83281e-18       1.83281e-18
 127.4000000       1.82266e-18       1.82266e-18
 127.5000000       1.81250e-18       1.81250e-18
 127.6000000       1.80234e-18       1.80234e-18
 127.7000000       1.79219e-18       1.79219e-18
 127.8000000       1.78201e-18       1.78201e-18
 127.9000000       1.77158e-18       1.77158e-18
 128.0000000       1.76105e-18       1.76105e-18
 128.1000000       1.75053e-18       1.75053e-18
 128.2000000       1.74000e-18       1.74000e-18
 128.3000000       1.72947e-18       1.72947e-18
 128.4000000       1.71895e-18       1.71895e-18
 128.5000000       1.70842e-18       1.70842e-18
 128.6000000       1.69789e-18       1.69789e-18
 128.7000000       1.68737e-18       1.68737e-18
 128.8000000       1.67684e-18       1.67684e-18
 128.9000000       1.66632e-18       1.66632e-18
 129.0000000       1.65579e-18       1.65579e-18
 129.1000000       1.64526e-18       1.64526e-18
 129.2000000       1.63338e-18       1.63338e-18
 129.3000000       1.62015e-18       1.62015e-18
 129.4000000       1.60691e-18       1.60691e-18
 129.5000000       1.59368e-18       1.59368e-18
 129.6000000       1.58044e-18       1.58044e-18
 129.7000000       1.56721e-18       1.56721e-18
 129.8000000       1.55397e-18       1.55397e-18
 129.9000000       1.54074e-18       1.54074e-18
 130.0000000       1.52750e-18       1.52750e-18
 130.1000000       1.51426e-18       1.51426e-18
 130.2000000       1.50103e-18       1.50103e-18
 130.3000000       1.48779e-18       1.48779e-18
 130.4000000       1.47456e-18       1.47456e-18
 130.5000000       1.46107e-18       1.46107e-18
 130.6000000       1.44527e-18       1.44527e-18
 130.7000000       1.42890e-18       1.42890e-18
 130.8000000       1.41253e-18       1.41253e-18
 130.9000000       1.39616e-18       1.39616e-18
 131.0000000       1.37979e-18       1.37979e-18
 131.1000000       1.36342e-18       1.36342e-18
 131.2000000       1.34705e-18       1.34705e-18
 131.3000000       1.33068e-18       1.33068e-18
 131.4000000       1.31431e-18       1.31431e-18
 131.5000000       1.29794e-18       1.29794e-18
 131.6000000       1.28157e-18       1.28157e-18
 131.7000000       1.26520e-18       1.26520e-18
 131.8000000       1.24883e-18       1.24883e-18
 131.9000000       1.23246e-18       1.23246e-18
 132.0000000       1.21609e-18       1.21609e-18
 132.1000000       1.19972e-18       1.19972e-18
 132.2000000       1.18335e-18       1.18335e-18
 132.3000000       1.16698e-18       1.16698e-18
 132.4000000       1.15060e-18       1.15060e-18
 132.5000000       1.13423e-18       1.13423e-18
 132.6000000       1.11786e-18       1.11786e-18
 132.7000000       1.10149e-18       1.10149e-18
 132.8000000       1.08512e-18       1.08512e-18
 132.9000000       1.06875e-18       1.06875e-18
 133.0000000       1.05238e-18       1.05238e-18
 133.1000000       1.03601e-18       1.03601e-18
 133.2000000       1.01964e-18       1.01964e-18
 133.3000000       1.00363e-18       1.00363e-18
 133.4000000       9.93174e-19       9.93174e-19
 133.5000000       9.84642e-19       9.84642e-19
 133.6000000       9.76109e-19       9.76109e-19
 133.7000000       9.67577e-19       9.67577e-19
 133.8000000       9.59044e-19       9.59044e-19
 133.9000000       9.50512e-19       9.50512e-19
 134.0000000       9.41980e-19       9.41980e-19
 134.1000000       9.33447e-19       9.33447e-19
 134.2000000       9.24915e-19       9.24915e-19
 134.3000000       9.16382e-19       9.16382e-19
 134.4000000       9.07850e-19       9.07850e-19
 134.5000000       8.99317e-19       8.99317e-19
 134.6000000       8.90785e-19       8.90785e-19
 134.7000000       8.82253e-19       8.82253e-19
 134.8000000       8.73720e-19       8.73720e-19
 134.9000000       8.65188e-19       8.65188e-19
 135.0000000       8.56655e-19       8.56655e-19
 135.1000000       8.48123e-19       8.48123e-19
 135.2000000       8.39590e-19       8.39590e-19
 135.3000000       8.31058e-19       8.31058e-19
 135.4000000       8.22526e-19       8.22526e-19
 135.5000000       8.13993e-19       8.13993e-19
 135.6000000       8.05461e-19       8.05461e-19
 135.7000000       7.96928e-19       7.96928e-19
 135.8000000       7.88396e-19       7.88396e-19
 135.9000000       7.79863e-19       7.79863e-19
 136.0000000       7.71331e-19       7.71331e-19
 136.1000000       7.62799e-19       7.62799e-19
 136.2000000       7.54266e-19       7.54266e-19
 136.3000000       7.50828e-19       7.50828e-19
 136.4000000       7.52484e-19       7.52484e-19
 136.5000000       7.54140e-19       7.54140e-19
 136.6000000       7.55796e-19       7.55796e-19
 136.7000000       7.57452e-19       7.57452e-19
 136.8000000       7.59108e-19       7.59108e-19
 136.9000000       7.60763e-19       7.60763e-19
 137.0000000       7.62419e-19       7.62419e-19
 137.1000000       7.64075e-19       7.64075e-19
 137.2000000       7.65731e-19       7.65731e-19
 137.3000000       7.67387e-19       7.67387e-19
 137.4000000       7.69043e-19       7.69043e-19
 137.5000000       7.70699e-19       7.70699e-19
 137.6000000       7.72355e-19       7.72355e-19
 137.7000000       7.74011e-19       7.74011e-19
 137.8000000       7.75667e-19       7.75667e-19
 137.9000000       7.77323e-19       7.77323e-19
 138.0000000       7.78978e-19       7.78978e-19
 138.1000000       7.80634e-19       7.80634e-19
 138.2000000       7.82290e-19       7.82290e-19
 138.3000000       7.83946e-19       7.83946e-19
 138.4000000       7.85602e-19       7.85602e-19
 138.5000000       7.87258e-19       7.87258e-19
 138.6000000       7.88914e-19       7.88914e-19
 138.7000000       7.90570e-19       7.90570e-19
 138.8000000       7.92226e-19       7.92226e-19
 138.9000000       7.93882e-19       7.93882e-19
 139.0000000       7.95538e-19       7.95538e-19
 139.1000000       7.97194e-19       7.97194e-19
 139.2000000       7.98849e-19       7.98849e-19
 139.3000000       8.00505e-19       8.00505e-19
 139.4000000       8.02161e-19       8.02161e-19
 139.5000000       8.03817e-19       8.03817e-19
 139.6000000       8.05473e-19       8.05473e-19
 139.7000000       8.07129e-19       8.07129e-19
 139.8000000       8.08785e-19       8.08785e-19
 139.9000000       8.10441e-19       8.10441e-19
 140.0000000       8.12097e-19       8.12097e-19
 140.1000000       8.13753e-19       8.13753e-19
 140.2000000       8.15409e-19       8.15409e-19
 140.3000000       8.17065e-19       8.17065e-19
 140.4000000       8.18720e-19       8.18720e-19
 140.5000000       8.20376e-19       8.20376e-19
 140.6000000       8.22032e-19       8.22032e-19
 140.7000000       8.23688e-19       8.23688e-19
 140.8000000       8.25344e-19       8.25344e-19
 140.9000000       8.28357e-19       8.28357e-19
 141.0000000       8.39515e-19       8.39515e-19
 141.1000000       8.52030e-19       8.52030e-19
 141.2000000       8.64545e-19       8.64545e-19
 141.3000000       8.77061e-19       8.77061e-19
 141.4000000       8.89576e-19       8.89576e-19
 141.5000000       9.02091e-19       9.02091e-19
 141.6000000       9.14606e-19       9.14606e-19
 141.7000000       9.27121e-19       9.27121e-19
 141.8000000       9.39636e-19       9.39636e-19
 141.9000000       9.52152e-19       9.52152e-19
 142.0000000       9.64667e-19       9.64667e-19
 142.1000000       9.77182e-19       9.77182e-19
 142.2000000       9.89697e-19       9.89697e-19
 142.3000000       1.00221e-18       1.00221e-18
 142.4000000       1.01473e-18       1.01473e-18
 142.5000000       1.02724e-18       1.02724e-18
 142.6000000       1.03976e-18       1.03976e-18
 142.7000000       1.05227e-18       1.05227e-18
 142.8000000       1.06479e-18       1.06479e-18
 142.9000000       1.07730e-18       1.07730e-18
 143.0000000       1.08982e-18       1.08982e-18
 143.1000000       1.10233e-18       1.10233e-18
 143.2000000       1.11485e-18       1.11485e-18
 143.3000000       1.12736e-18       1.12736e-18
 143.4000000       1.13988e-18       1.13988e-18
 143.5000000       1.15239e-18       1.15239e-18
 143.6000000       1.16491e-18       1.16491e-18
 143.7000000       1.17742e-18       1.17742e-18
 143.8000000       1.18994e-18       1.18994e-18
 143.9000000       1.20245e-18       1.20245e-18
 144.0000000       1.21497e-18       1.21497e-18
 144.1000000       1.22748e-18       1.22748e-18
 144.2000000       1.24083e-18       1.24083e-18
 144.3000000       1.25912e-18       1.25912e-18
 144.4000000       1.27824e-18       1.27824e-18
 144.5000000       1.29735e-18       1.29735e-18
 144.6000000       1.31647e-18       1.31647e-18
 144.7000000       1.33559e-18       1.33559e-18
 144.8000000       1.35471e-18       1.35471e-18
 144.9000000       1.37382e-18       1.37382e-18
 145.0000000       1.39294e-18       1.39294e-18
 145.1000000       1.41206e-18       1.41206e-18
 145.2000000       1.43118e-18       1.43118e-18
 145.3000000       1.45029e-18       1.45029e-18
 145.4000000       1.46941e-18       1.46941e-18
 145.5000000       1.48853e-18       1.48853e-18
 145.6000000       1.50765e-18       1.50765e-18
 145.7000000       1.52676e-18       1.52676e-18
 145.8000000       1.54588e-18       1.54588e-18
 145.9000000       1.56500e-18       1.56500e-18
 146.0000000       1.58412e-18       1.58412e-18
 146.1000000       1.60324e-18       1.60324e-18
 146.2000000       1.62235e-18       1.62235e-18
 146.3000000       1.64147e-18       1.64147e-18
 146.4000000       1.66059e-18       1.66059e-18
 146.5000000       1.67971e-18       1.67971e-18
 146.6000000       1.69882e-18       1.69882e-18
 146.7000000       1.71794e-18       1.71794e-18
 146.8000000       1.73706e-18       1.73706e-18
 146.9000000       1.75618e-18       1.75618e-18
 147.0000000       1.77529e-18       1.77529e-18
 147.1000000       1.79441e-18       1.79441e-18
 147.2000000       1.81353e-18       1.81353e-18
 147.3000000       1.83265e-18       1.83265e-18
 147.4000000       1.85176e-18       1.85176e-18
 147.5000000       1.87088e-18       1.87088e-18
 147.6000000       1.88990e-18       1.88990e-18
 147.7000000       1.90833e-18       1.90833e-18
 147.8000000       1.92667e-18       1.92667e-18
 147.9000000       1.94500e-18       1.94500e-18
 148.0000000       1.96333e-18       1.96333e-18
 148.1000000       1.98167e-18       1.98167e-18
 148.2000000       2.00000e-18       2.00000e-18
 148.3000000       2.01833e-18       2.01833e-18
 148.4000000       2.03667e-18       2.03667e-18
 148.5000000       2.05500e-18       2.05500e-18
 148.6000000       2.07333e-18       2.07333e-18
 148.7000000       2.09167e-18       2.09167e-18
 148.8000000       2.11000e-18       2.11000e-18
 148.9000000       2.12833e-18       2.12833e-18
 149.0000000       2.14667e-18       2.14667e-18
 149.1000000       2.16500e-18       2.16500e-18
 149.2000000       2.18333e-18       2.18333e-18
 149.3000000       2.20167e-18       2.20167e-18
 149.4000000       2.22000e-18       2.22000e-18
 149.5000000       2.23833e-18       2.23833e-18
 149.6000000       2.25667e-18       2.25667e-18
 149.7000000       2.27500e-18       2.27500e-18
 149.8000000       2.29333e-18       2.29333e-18
 149.9000000       2.31167e-18       2.31167e-18
 150.0000000       2.33000e-18       2.33000e-18
 150.1000000       2.34833e-18       2.34833e-18
 150.2000000       2.36667e-18       2.36667e-18
 150.3000000       2.38500e-18       2.38500e-18
 150.4000000       2.40333e-18       2.40333e-18
 150.5000000       2.42167e-18       2.42167e-18
 150.6000000       2.44000e-18       2.44000e-18
 150.7000000       2.45833e-18       2.45833e-18
 150.8000000       2.47667e-18       2.47667e-18
 150.9000000       2.49500e-18       2.49500e-18
 151.0000000       2.51333e-18       2.51333e-18
 151.1000000       2.53167e-18       2.53167e-18
 151.2000000       2.54909e-18       2.54909e-18
 151.3000000       2.56105e-18       2.56105e-18
 151.4000000       2.57211e-18       2.57211e-18
 151.5000000       2.58316e-18       2.58316e-18
 151.6000000       2.59421e-18       2.59421e-18
 151.7000000       2.60526e-18       2.60526e-18
 151.8000000       2.61632e-18       2.61632e-18
 151.9000000       2.62737e-18       2.62737e-18
 152.0000000       2.63842e-18       2.63842e-18
 152.1000000       2.64947e-18       2.64947e-18
 152.2000000       2.66053e-18       2.66053e-18
 152.3000000       2.67158e-18       2.67158e-18
 152.4000000       2.68263e-18       2.68263e-18
 152.5000000       2.69368e-18       2.69368e-18
 152.6000000       2.70474e-18       2.70474e-18
 152.7000000       2.71579e-18       2.71579e-18
 152.8000000       2.72684e-18       2.72684e-18
 152.9000000       2.73789e-18       2.73789e-18
 153.0000000       2.74895e-18       2.74895e-18
 153.1000000       2.76000e-18       2.76000e-18
 153.2000000       2.77105e-18       2.77105e-18
 153.3000000       2.78211e-18       2.78211e-18
 153.4000000       2.79316e-18       2.79316e-18
 153.5000000       2.80421e-18       2.80421e-18
 153.6000000       2.81526e-18       2.81526e-18
 153.7000000       2.82632e-18       2.82632e-18
 153.8000000       2.83737e-18       2.83737e-18
 153.9000000       2.84842e-18       2.84842e-18
 154.0000000       2.85947e-18       2.85947e-18
 154.1000000       2.87053e-18       2.87053e-18
 154.2000000       2.88158e-18       2.88158e-18
 154.3000000       2.89263e-18       2.89263e-18
 154.4000000       2.90368e-18       2.90368e-18
 154.5000000       2.91474e-18       2.91474e-18
 154.6000000       2.92579e-18       2.92579e-18
 154.7000000       2.93684e-18       2.93684e-18
 154.8000000       2.94789e-18       2.94789e-18
 154.9000000       2.95895e-18       2.95895e-18
 155.0000000       2.96888e-18       2.96888e-18
 155.1000000       2.97211e-18       2.97211e-18
 155.2000000       2.97421e-18       2.97421e-18
 155.3000000       2.97632e-18       2.97632e-18
 155.4000000       2.97842e-18       2.97842e-18
 155.5000000       2.98053e-18       2.98053e-18
 155.6000000       2.98263e-18       2.98263e-18
 155.7000000       2.98474e-18       2.98474e-18
 155.8000000       2.98684e-18       2.98684e-18
 155.9000000       2.98895e-18       2.98895e-18
 156.0000000       2.99105e-18       2.99105e-18
 156.1000000       2.99316e-18       2.99316e-18
 156.2000000       2.99526e-18       2.99526e-18
 156.3000000       2.99737e-18       2.99737e-18
 156.4000000       2.99947e-18       2.99947e-18
 156.5000000       3.00158e-18       3.00158e-18
 156.6000000       3.00368e-18       3.00368e-18
 156.7000000       3.00579e-18       3.00579e-18
 156.8000000       3.00789e-18       3.00789e-18
 156.9000000       3.00908e-18       3.00908e-18
 157.0000000       3.00476e-18       3.00476e-18
 157.1000000       2.99952e-18       2.99952e-18
 157.2000000       2.99429e-18       2.99429e-18
 157.3000000       2.98905e-18       2.98905e-18
 157.4000000       2.98381e-18       2.98381e-18
 157.5000000       2.97857e-18       2.97857e-18
 157.6000000       2.97333e-18       2.97333e-18
 157.7000000       2.96810e-18       2.96810e-18
 157.8000000       2.96286e-18       2.96286e-18
 157.9000000       2.95762e-18       2.95762e-18
 158.0000000       2.95238e-18       2.95238e-18
 158.1000000       2.94714e-18       2.94714e-18
 158.2000000       2.94190e-18       2.94190e-18
 158.3000000       2.93667e-18       2.93667e-18
 158.4000000       2.93143e-18       2.93143e-18
 158.5000000       2.92619e-18       2.92619e-18
 158.6000000       2.92095e-18       2.92095e-18
 158.7000000       2.91571e-18       2.91571e-18
 158.8000000       2.91048e-18       2.91048e-18
 158.9000000       2.90524e-18       2.90524e-18
 159.0000000       2.89876e-18       2.89876e-18
 159.1000000       2.88488e-18       2.88488e-18
 159.2000000       2.86976e-18       2.86976e-18
 159.3000000       2.85463e-18       2.85463e-18
 159.4000000       2.83951e-18       2.83951e-18
 159.5000000       2.82439e-18       2.82439e-18
 159.6000000       2.80927e-18       2.80927e-18
 159.7000000       2.79415e-18       2.79415e-18
 159.8000000       2.77902e-18       2.77902e-18
 159.9000000       2.76390e-18       2.76390e-18
 160.0000000       2.74878e-18       2.74878e-18
 160.1000000       2.73366e-18       2.73366e-18
 160.2000000       2.71854e-18       2.71854e-18
 160.3000000       2.70341e-18       2.70341e-18
 160.4000000       2.68829e-18       2.68829e-18
 160.5000000       2.67317e-18       2.67317e-18
 160.6000000       2.65805e-18       2.65805e-18
 160.7000000       2.64293e-18       2.64293e-18
 160.8000000       2.62780e-18       2.62780e-18
 160.9000000       2.61268e-18       2.61268e-18
 161.0000000       2.59756e-18       2.59756e-18
 161.1000000       2.58244e-18       2.58244e-18
 161.2000000       2.56732e-18       2.56732e-18
 161.3000000       2.55220e-18       2.55220e-18
 161.4000000       2.53707e-18       2.53707e-18
 161.5000000       2.52195e-18       2.52195e-18
 161.6000000       2.50683e-18       2.50683e-18
 161.7000000       2.49171e-18       2.49171e-18
 161.8000000       2.47659e-18       2.47659e-18
 161.9000000       2.46146e-18       2.46146e-18
 162.0000000       2.44634e-18       2.44634e-18
 162.1000000       2.43122e-18       2.43122e-18
 162.2000000       2.41610e-18       2.41610e-18
 162.3000000       2.40098e-18       2.40098e-18
 162.4000000       2.38585e-18       2.38585e-18
 162.5000000       2.37073e-18       2.37073e-18
 162.6000000       2.35561e-18       2.35561e-18
 162.7000000       2.34049e-18       2.34049e-18
 162.8000000       2.32537e-18       2.32537e-18
 162.9000000       2.31024e-18       2.31024e-18
 163.0000000       2.29512e-18       2.29512e-18
 163.1000000       2.27945e-18       2.27945e-18
 163.2000000       2.26045e-18       2.26045e-18
 163.3000000       2.24091e-18       2.24091e-18
 163.4000000       2.22136e-18       2.22136e-18
 163.5000000       2.20182e-18       2.20182e-18
 163.6000000       2.18227e-18       2.18227e-18
 163.7000000       2.16273e-18       2.16273e-18
 163.8000000       2.14318e-18       2.14318e-18
 163.9000000       2.12364e-18       2.12364e-18
 164.0000000       2.10409e-18       2.10409e-18
 164.1000000       2.08455e-18       2.08455e-18
 164.2000000       2.06500e-18       2.06500e-18
 164.3000000       2.04545e-18       2.04545e-18
 164.4000000       2.02591e-18       2.02591e-18
 164.5000000       2.00636e-18       2.00636e-18
 164.6000000       1.98682e-18       1.98682e-18
 164.7000000       1.96727e-18       1.96727e-18
 164.8000000       1.94773e-18       1.94773e-18
 164.9000000       1.92818e-18       1.92818e-18
 165.0000000       1.90864e-18       1.90864e-18
 165.1000000       1.88909e-18       1.88909e-18
 165.2000000       1.86955e-18       1.86955e-18
 165.3000000       1.85000e-18       1.85000e-18
 165.4000000       1.83045e-18       1.83045e-18
 165.5000000       1.81091e-18       1.81091e-18
 165.6000000       1.79136e-18       1.79136e-18
 165.7000000       1.77182e-18       1.77182e-18
 165.8000000       1.75227e-18       1.75227e-18
 165.9000000       1.73273e-18       1.73273e-18
 166.0000000       1.71318e-18       1.71318e-18
 166.1000000       1.69364e-18       1.69364e-18
 166.2000000       1.67409e-18       1.67409e-18
 166.3000000       1.65455e-18       1.65455e-18
 166.4000000       1.63500e-18       1.63500e-18
 166.5000000       1.61545e-18       1.61545e-18
 166.6000000       1.59591e-18       1.59591e-18
 166.7000000       1.57636e-18       1.57636e-18
 166.8000000       1.55682e-18       1.55682e-18
 166.9000000       1.53727e-18       1.53727e-18
 167.0000000       1.51773e-18       1.51773e-18
 167.1000000       1.49818e-18       1.49818e-18
 167.2000000       1.47864e-18       1.47864e-18
 167.3000000       1.45909e-18       1.45909e-18
 167.4000000       1.43955e-18       1.43955e-18
 167.5000000       1.42053e-18       1.42053e-18
 167.6000000       1.40468e-18       1.40468e-18
 167.7000000       1.38936e-18       1.38936e-18
 167.8000000       1.37404e-18       1.37404e-18
 167.9000000       1.35872e-18       1.35872e-18
 168.0000000       1.34340e-18       1.34340e-18
 168.1000000       1.32809e-18       1.32809e-18
 168.2000000       1.31277e-18       1.31277e-18
 168.3000000       1.29745e-18       1.29745e-18
 168.4000000       1.28213e-18       1.28213e-18
 168.5000000       1.26681e-18       1.26681e-18
 168.6000000       1.25149e-18       1.25149e-18
 168.7000000       1.23617e-18       1.23617e-18
 168.8000000       1.22085e-18       1.22085e-18
 168.9000000       1.20553e-18       1.20553e-18
 169.0000000       1.19021e-18       1.19021e-18
 169.1000000       1.17489e-18       1.17489e-18
 169.2000000       1.15957e-18       1.15957e-18
 169.3000000       1.14426e-18       1.14426e-18
 169.4000000       1.12894e-18       1.12894e-18
 169.5000000       1.11362e-18       1.11362e-18
 169.6000000       1.09830e-18       1.09830e-18
 169.7000000       1.08298e-18       1.08298e-18
 169.8000000       1.06766e-18       1.06766e-18
 169.9000000       1.05234e-18       1.05234e-18
 170.0000000       1.03702e-18       1.03702e-18
 170.1000000       1.02170e-18       1.02170e-18
 170.2000000       1.00638e-18       1.00638e-18
 170.3000000       9.91064e-19       9.91064e-19
 170.4000000       9.75745e-19       9.75745e-19
 170.5000000       9.60426e-19       9.60426e-19
 170.6000000       9.45106e-19       9.45106e-19
 170.7000000       9.29787e-19       9.29787e-19
 170.8000000       9.14468e-19       9.14468e-19
 170.9000000       8.99149e-19       8.99149e-19
 171.0000000       8.83830e-19       8.83830e-19
 171.1000000       8.68511e-19       8.68511e-19
 171.2000000       8.53191e-19       8.53191e-19
 171.3000000       8.37872e-19       8.37872e-19
 171.4000000       8.22553e-19       8.22553e-19
 171.5000000       8.07234e-19       8.07234e-19
 171.6000000       7.91915e-19       7.91915e-19
 171.7000000       7.76596e-19       7.76596e-19
 171.8000000       7.61277e-19       7.61277e-19
 171.9000000       7.45957e-19       7.45957e-19
 172.0000000       7.30638e-19       7.30638e-19
 172.1000000       7.15319e-19       7.15319e-19
 172.2000000       7.00843e-19       7.00843e-19
 172.3000000       6.91429e-19       6.91429e-19
 172.4000000       6.82857e-19       6.82857e-19
 172.5000000       6.74286e-19       6.74286e-19
 172.6000000       6.65714e-19       6.65714e-19
 172.7000000       6.57143e-19       6.57143e-19
 172.8000000       6.48571e-19       6.48571e-19
 172.9000000       6.40000e-19       6.40000e-19
 173.0000000       6.31429e-19       6.31429e-19
 173.1000000       6.22857e-19       6.22857e-19
 173.2000000       6.14286e-19       6.14286e-19
 173.3000000       6.05714e-19       6.05714e-19
 173.4000000       5.97143e-19       5.97143e-19
 173.5000000       5.88571e-19       5.88571e-19
 173.6000000       5.80000e-19       5.80000e-19
 173.7000000       5.71429e-19       5.71429e-19
 173.8000000       5.62857e-19       5.62857e-19
 173.9000000       5.54286e-19       5.54286e-19
 174.0000000       5.45714e-19       5.45714e-19
 174.1000000       5.37143e-19       5.37143e-19
 174.2000000       5.28571e-19       5.28571e-19
 174.3000000       5.20000e-19       5.20000e-19
 174.4000000       5.11429e-19       5.11429e-19
 174.5000000       5.02857e-19       5.02857e-19
 174.6000000       4.94286e-19       4.94286e-19
 174.7000000       4.85714e-19       4.85714e-19
 174.8000000       4.77143e-19       4.77143e-19
 174.9000000       4.68571e-19       4.68571e-19
 175.0000000       4.60000e-19       4.60000e-19
 175.1000000       4.51429e-19       4.51429e-19
 175.2000000       4.42857e-19       4.42857e-19
 175.3000000       4.34286e-19       4.34286e-19
 175.4000000       4.25714e-19       4.25714e-19
 175.5000000       4.17143e-19       4.17143e-19
 175.6000000       4.08571e-19       4.08571e-19
 175.7000000       4.00000e-19       4.00000e-19
 175.8000000       3.91429e-19       3.91429e-19
 175.9000000       3.82857e-19       3.82857e-19
 176.0000000       3.74286e-19       3.74286e-19
 176.1000000       3.65714e-19       3.65714e-19
 176.2000000       3.57143e-19       3.57143e-19
 176.3000000       3.48571e-19       3.48571e-19
 176.4000000       3.40000e-19       3.40000e-19
 176.5000000       3.31429e-19       3.31429e-19
 176.6000000       3.22857e-19       3.22857e-19
 176.7000000       3.14286e-19       3.14286e-19
 176.8000000       3.05714e-19       3.05714e-19
 176.9000000       2.97143e-19       2.97143e-19
 177.0000000       2.88571e-19       2.88571e-19
 177.1000000       2.80823e-19       2.80823e-19
 177.2000000       2.78015e-19       2.78015e-19
 177.3000000       2.76029e-19       2.76029e-19
 177.4000000       2.74044e-19       2.74044e-19
 177.5000000       2.72059e-19       2.72059e-19
 177.6000000       2.70074e-19       2.70074e-19
 177.7000000       2.68088e-19       2.68088e-19
 177.8000000       2.66103e-19       2.66103e-19
 177.9000000       2.64118e-19       2.64118e-19
 178.0000000       2.62132e-19       2.62132e-19
 178.1000000       2.60147e-19       2.60147e-19
 178.2000000       2.58162e-19       2.58162e-19
 178.3000000       2.56176e-19       2.56176e-19
 178.4000000       2.54191e-19       2.54191e-19
 178.5000000       2.52206e-19       2.52206e-19
 178.6000000       2.50221e-19       2.50221e-19
 178.7000000       2.48235e-19       2.48235e-19
 178.8000000       2.46250e-19       2.46250e-19
 178.9000000       2.44265e-19       2.44265e-19
 179.0000000       2.42279e-19       2.42279e-19
 179.1000000       2.40294e-19       2.40294e-19
 179.2000000       2.38309e-19       2.38309e-19
 179.3000000       2.36324e-19       2.36324e-19
 179.4000000       2.34338e-19       2.34338e-19
 179.5000000       2.32353e-19       2.32353e-19
 179.6000000       2.30368e-19       2.30368e-19
 179.7000000       2.28382e-19       2.28382e-19
 179.8000000       2.26397e-19       2.26397e-19
 179.9000000       2.24412e-19       2.24412e-19
 180.0000000       2.22426e-19       2.22426e-19
 180.1000000       2.20441e-19       2.20441e-19
 180.2000000       2.18456e-19       2.18456e-19
 180.3000000       2.16471e-19       2.16471e-19
 180.4000000       2.14485e-19       2.14485e-19
 180.5000000       2.12500e-19       2.12500e-19
 180.6000000       2.10515e-19       2.10515e-19
 180.7000000       2.08529e-19       2.08529e-19
 180.8000000       2.06544e-19       2.06544e-19
 180.9000000       2.04559e-19       2.04559e-19
 181.0000000       2.02574e-19       2.02574e-19
 181.1000000       2.00588e-19       2.00588e-19
 181.2000000       1.98603e-19       1.98603e-19
 181.3000000       1.96618e-19       1.96618e-19
 181.4000000       1.94632e-19       1.94632e-19
 181.5000000       1.92647e-19       1.92647e-19
 181.6000000       1.90662e-19       1.90662e-19
 181.7000000       1.88676e-19       1.88676e-19
 181.8000000       1.86691e-19       1.86691e-19
 181.9000000       1.84706e-19       1.84706e-19
 182.0000000       1.82721e-19       1.82721e-19
 182.1000000       1.80735e-19       1.80735e-19
 182.2000000       1.78750e-19       1.78750e-19
 182.3000000       1.76765e-19       1.76765e-19
 182.4000000       1.74779e-19       1.74779e-19
 182.5000000       1.72794e-19       1.72794e-19
 182.6000000       1.70809e-19       1.70809e-19
 182.7000000       1.68824e-19       1.68824e-19
 182.8000000       1.66838e-19       1.66838e-19
 182.9000000       1.64853e-19       1.64853e-19
 183.0000000       1.62868e-19       1.62868e-19
 183.1000000       1.60882e-19       1.60882e-19
 183.2000000       1.58897e-19       1.58897e-19
 183.3000000       1.56912e-19       1.56912e-19
 183.4000000       1.54926e-19       1.54926e-19
 183.5000000       1.52941e-19       1.52941e-19
 183.6000000       1.50956e-19       1.50956e-19
 183.7000000       1.48971e-19       1.48971e-19
 183.8000000       1.46985e-19       1.46985e-19
 183.9000000       1.45000e-19       1.45000e-19
 184.0000000       1.43015e-19       1.43015e-19
 184.1000000       1.41029e-19       1.41029e-19
 184.2000000       1.39044e-19       1.39044e-19
 184.3000000       1.37059e-19       1.37059e-19
 184.4000000       1.35074e-19       1.35074e-19
 184.5000000       1.33088e-19       1.33088e-19
 184.6000000       1.31103e-19       1.31103e-19
 184.7000000       1.29118e-19       1.29118e-19
 184.8000000       1.27132e-19       1.27132e-19
 184.9000000       1.25147e-19       1.25147e-19
 185.0000000       1.23162e-19       1.23162e-19
 185.1000000       1.21176e-19       1.21176e-19
 185.2000000       1.19191e-19       1.19191e-19
 185.3000000       1.17206e-19       1.17206e-19
 185.4000000       1.15221e-19       1.15221e-19
 185.5000000       1.13235e-19       1.13235e-19
 185.6000000       1.11250e-19       1.11250e-19
 185.7000000       1.09265e-19       1.09265e-19
 185.8000000       1.07279e-19       1.07279e-19
 185.9000000       1.05294e-19       1.05294e-19
 186.0000000       1.03309e-19       1.03309e-19
 186.1000000       1.01324e-19       1.01324e-19
 186.2000000       9.93382e-20       9.93382e-20
 186.3000000       9.73529e-20       9.73529e-20
 186.4000000       9.53676e-20       9.53676e-20
 186.5000000       9.33824e-20       9.33824e-20
 186.6000000       9.13971e-20       9.13971e-20
 186.7000000       8.94118e-20       8.94118e-20
 186.8000000       8.74265e-20       8.74265e-20
 186.9000000       8.54412e-20       8.54412e-20
 187.0000000       8.34559e-20       8.34559e-20
 187.1000000       8.14706e-20       8.14706e-20
 187.2000000       7.94853e-20       7.94853e-20
 187.3000000       7.75000e-20       7.75000e-20
 187.4000000       7.55147e-20       7.55147e-20
 187.5000000       7.35294e-20       7.35294e-20
 187.6000000       7.15441e-20       7.15441e-20
 187.7000000       6.95588e-20       6.95588e-20
 187.8000000       6.75735e-20       6.75735e-20
 187.9000000       6.55882e-20       6.55882e-20
 188.0000000       6.36029e-20       6.36029e-20
 188.1000000       6.16176e-20       6.16176e-20
 188.2000000       5.96324e-20       5.96324e-20
 188.3000000       5.76471e-20       5.76471e-20
 188.4000000       5.56618e-20       5.56618e-20
 188.5000000       5.36765e-20       5.36765e-20
 188.6000000       5.16912e-20       5.16912e-20
 188.7000000       4.97059e-20       4.97059e-20
 188.8000000       4.77206e-20       4.77206e-20
 188.9000000       4.57353e-20       4.57353e-20
 189.0000000       4.37500e-20       4.37500e-20
 189.1000000       4.17647e-20       4.17647e-20
 189.2000000       3.97794e-20       3.97794e-20
 189.3000000       3.77941e-20       3.77941e-20
 189.4000000       3.58088e-20       3.58088e-20
 189.5000000       3.38235e-20       3.38235e-20
 189.6000000       3.18382e-20       3.18382e-20
 189.7000000       2.98529e-20       2.98529e-20
 189.8000000       2.78676e-20       2.78676e-20
 189.9000000       2.58824e-20       2.58824e-20
 190.0000000       2.38971e-20       2.38971e-20
 190.1000000       2.19118e-20       2.19118e-20
 190.2000000       1.99265e-20       1.99265e-20
 190.3000000       1.79412e-20       1.79412e-20
 190.4000000       1.59559e-20       1.59559e-20
 190.5000000       1.39706e-20       1.39706e-20
 190.6000000       1.19853e-20       1.19853e-20
 190.7000000       1.02191e-20       1.02191e-20
 190.8000000       9.76744e-21       9.76744e-21
 190.9000000       9.53488e-21       9.53488e-21
 191.0000000       9.30233e-21       9.30233e-21
 191.1000000       9.06977e-21       9.06977e-21
 191.2000000       8.83721e-21       8.83721e-21
 191.3000000       8.60465e-21       8.60465e-21
 191.4000000       8.37209e-21       8.37209e-21
 191.5000000       8.13953e-21       8.13953e-21
 191.6000000       7.90698e-21       7.90698e-21
 191.7000000       7.67442e-21       7.67442e-21
 191.8000000       7.44186e-21       7.44186e-21
 191.9000000       7.20930e-21       7.20930e-21
 192.0000000       6.97674e-21       6.97674e-21
 192.1000000       6.74419e-21       6.74419e-21
 192.2000000       6.51163e-21       6.51163e-21
 192.3000000       6.27907e-21       6.27907e-21
 192.4000000       6.04651e-21       6.04651e-21
 192.5000000       5.81395e-21       5.81395e-21
 192.6000000       5.58140e-21       5.58140e-21
 192.7000000       5.34884e-21       5.34884e-21
 192.8000000       5.11628e-21       5.11628e-21
 192.9000000       4.88372e-21       4.88372e-21
 193.0000000       4.65116e-21       4.65116e-21
 193.1000000       4.41860e-21       4.41860e-21
 193.2000000       4.18605e-21       4.18605e-21
 193.3000000       3.95349e-21       3.95349e-21
 193.4000000       3.72093e-21       3.72093e-21
 193.5000000       3.48837e-21       3.48837e-21
 193.6000000       3.25581e-21       3.25581e-21
 193.7000000       3.02326e-21       3.02326e-21
 193.8000000       2.79070e-21       2.79070e-21
 193.9000000       2.55814e-21       2.55814e-21
 194.0000000       2.32558e-21       2.32558e-21
 194.1000000       2.09302e-21       2.09302e-21
 194.2000000       1.86047e-21       1.86047e-21
 194.3000000       1.62791e-21       1.62791e-21
 194.4000000       1.39535e-21       1.39535e-21
 194.5000000       1.16279e-21       1.16279e-21
 194.6000000       9.30233e-22       9.30233e-22
 194.7000000       6.97674e-22       6.97674e-22
 194.8000000       4.65116e-22       4.65116e-22
 194.9000000       2.32558e-22       2.32558e-22
 195.0000000       2.90698e-23       2.90698e-23
 195.1000000       0.00000e+00       0.00000e+00
 195.2000000       0.00000e+00       0.00000e+00
 195.3000000       0.00000e+00       0.00000e+00
 195.4000000       0.00000e+00       0.00000e+00
 195.5000000       0.00000e+00       0.00000e+00
 195.6000000       0.00000e+00       0.00000e+00
 195.7000000       0.00000e+00       0.00000e+00
 195.8000000       0.00000e+00       0.00000e+00
 195.9000000       0.00000e+00       0.00000e+00
 196.0000000       0.00000e+00       0.00000e+00
 196.1000000       0.00000e+00       0.00000e+00
 196.2000000       0.00000e+00       0.00000e+00
 196.3000000       0.00000e+00       0.00000e+00
 196.4000000       0.00000e+00       0.00000e+00
 196.5000000       0.00000e+00       0.00000e+00
 196.6000000       0.00000e+00       0.00000e+00
 196.7000000       0.00000e+00       0.00000e+00
 196.8000000       0.00000e+00       0.00000e+00
 196.9000000       0.00000e+00       0.00000e+00
 197.0000000       0.00000e+00       0.00000e+00
 197.1000000       0.00000e+00       0.00000e+00
 197.2000000       0.00000e+00       0.00000e+00
 197.3000000       0.00000e+00       0.00000e+00
 197.4000000       0.00000e+00       0.00000e+00
 197.5000000       0.00000e+00       0.00000e+00
 197.6000000       0.00000e+00       0.00000e+00
 197.7000000       0.00000e+00       0.00000e+00
 197.8000000       0.00000e+00       0.00000e+00
 197.9000000       0.00000e+00       0.00000e+00
 198.0000000       0.00000e+00       0.00000e+00
 198.1000000       0.00000e+00       0.00000e+00
 198.2000000       0.00000e+00       0.00000e+00
 198.3000000       0.00000e+00       0.00000e+00
 198.4000000       0.00000e+00       0.00000e+00
 198.5000000       0.00000e+00       0.00000e+00
 198.6000000       0.00000e+00       0.00000e+00
 198.7000000       0.00000e+00       0.00000e+00
 198.8000000       0.00000e+00       0.00000e+00
 198.9000000       0.00000e+00       0.00000e+00
 199.0000000       0.00000e+00       0.00000e+00
 199.1000000       0.00000e+00       0.00000e+00
 199.2000000       0.00000e+00       0.00000e+00
 199.3000000       0.00000e+00       0.00000e+00
 199.4000000       0.00000e+00       0.00000e+00
 199.5000000       0.00000e+00       0.00000e+00
 199.6000000       0.00000e+00       0.00000e+00
 199.7000000       0.00000e+00       0.00000e+00
 199.8000000       0.00000e+00       0.00000e+00
 199.9000000       0.00000e+00       0.00000e+00
 200.0000000       0.00000e+00       0.00000e+00
 200.1000000       0.00000e+00       0.00000e+00
 200.2000000       0.00000e+00       0.00000e+00
 200.3000000       0.00000e+00       0.00000e+00
 200.4000000       0.00000e+00       0.00000e+00
 200.5000000       0.00000e+00       0.00000e+00
 200.6000000       0.00000e+00       0.00000e+00
 200.7000000       0.00000e+00       0.00000e+00
 200.8000000       0.00000e+00       0.00000e+00
 200.9000000       0.00000e+00       0.00000e+00
 201.0000000       0.00000e+00       0.00000e+00
 201.1000000       0.00000e+00       0.00000e+00
 201.2000000       0.00000e+00       0.00000e+00
 201.3000000       0.00000e+00       0.00000e+00
 201.4000000       0.00000e+00       0.00000e+00
 201.5000000       0.00000e+00       0.00000e+00
 201.6000000       0.00000e+00       0.00000e+00
 201.7000000       0.00000e+00       0.00000e+00
 201.8000000       0.00000e+00       0.00000e+00
 201.9000000       0.00000e+00       0.00000e+00
 202.0000000       0.00000e+00       0.00000e+00
 202.1000000       0.00000e+00       0.00000e+00
 202.2000000       0.00000e+00       0.00000e+00
 202.3000000       0.00000e+00       0.00000e+00
 202.4000000       0.00000e+00       0.00000e+00
 202.5000000       0.00000e+00       0.00000e+00
 202.6000000       0.00000e+00       0.00000e+00
 202.7000000       0.00000e+00       0.00000e+00
 202.8000000       0.00000e+00       0.00000e+00
 202.9000000       0.00000e+00       0.00000e+00
 203.0000000       0.00000e+00       0.00000e+00
 203.1000000       0.00000e+00       0.00000e+00
 203.2000000       0.00000e+00       0.00000e+00
 203.3000000       0.00000e+00       0.00000e+00
 203.4000000       0.00000e+00       0.00000e+00
 203.5000000       0.00000e+00       0.00000e+00
 203.6000000       0.00000e+00       0.00000e+00
 203.7000000       0.00000e+00       0.00000e+00
 203.8000000       0.00000e+00       0.00000e+00
 203.9000000       0.00000e+00       0.00000e+00
 204.0000000       0.00000e+00       0.00000e+00
 204.1000000       0.00000e+00       0.00000e+00
 204.2000000       0.00000e+00       0.00000e+00
 204.3000000       0.00000e+00       0.00000e+00
 204.4000000       0.00000e+00       0.00000e+00
 204.5000000       0.00000e+00       0.00000e+00
 204.6000000       0.00000e+00       0.00000e+00
 204.7000000       0.00000e+00       0.00000e+00
 204.8000000       0.00000e+00       0.00000e+00
 204.9000000       0.00000e+00       0.00000e+00
 205.0000000       0.00000e+00       0.00000e+00
 205.1000000       0.00000e+00       0.00000e+00
 205.2000000       0.00000e+00       0.00000e+00
 205.3000000       0.00000e+00       0.00000e+00
 205.4000000       0.00000e+00       0.00000e+00
 205.5000000       0.00000e+00       0.00000e+00
 205.6000000       0.00000e+00       0.00000e+00
 205.7000000       0.00000e+00       0.00000e+00
 205.8000000       0.00000e+00       0.00000e+00
 205.9000000       0.00000e+00       0.00000e+00
 206.0000000       0.00000e+00       0.00000e+00
 206.1000000       0.00000e+00       0.00000e+00
 206.2000000       0.00000e+00       0.00000e+00
 206.3000000       0.00000e+00       0.00000e+00
 206.4000000       0.00000e+00       0.00000e+00
 206.5000000       0.00000e+00       0.00000e+00
 206.6000000       0.00000e+00       0.00000e+00
 206.7000000       0.00000e+00       0.00000e+00
 206.8000000       0.00000e+00       0.00000e+00
 206.9000000       0.00000e+00       0.00000e+00
 207.0000000       0.00000e+00       0.00000e+00
 207.1000000       0.00000e+00       0.00000e+00
 207.2000000       0.00000e+00       0.00000e+00
 207.3000000       0.00000e+00       0.00000e+00
 207.4000000       0.00000e+00       0.00000e+00
 207.5000000       0.00000e+00       0.00000e+00
 207.6000000       0.00000e+00       0.00000e+00
 207.7000000       0.00000e+00       0.00000e+00
 207.8000000       0.00000e+00       0.00000e+00
 207.9000000       0.00000e+00       0.00000e+00
 208.0000000       0.00000e+00       0.00000e+00
 208.1000000       0.00000e+00       0.00000e+00
 208.2000000       0.00000e+00       0.00000e+00
 208.3000000       0.00000e+00       0.00000e+00
 208.4000000       0.00000e+00       0.00000e+00
 208.5000000       0.00000e+00       0.00000e+00
 208.6000000       0.00000e+00       0.00000e+00
 208.7000000       0.00000e+00       0.00000e+00
 208.8000000       0.00000e+00       0.00000e+00
 208.9000000       0.00000e+00       0.00000e+00
 209.0000000       0.00000e+00       0.00000e+00
 209.1000000       0.00000e+00       0.00000e+00
 209.2000000       0.00000e+00       0.00000e+00
 209.3000000       0.00000e+00       0.00000e+00
 209.4000000       0.00000e+00       0.00000e+00
 209.5000000       0.00000e+00       0.00000e+00
 209.6000000       0.00000e+00       0.00000e+00
 209.7000000       0.00000e+00       0.00000e+00
 209.8000000       0.00000e+00       0.00000e+00
 209.9000000       0.00000e+00       0.00000e+00
 210.0000000       0.00000e+00       0.00000e+00
 210.1000000       0.00000e+00       0.00000e+00
 210.2000000       0.00000e+00       0.00000e+00
 210.3000000       0.00000e+00       0.00000e+00
 210.4000000       0.00000e+00       0.00000e+00
 210.5000000       0.00000e+00       0.00000e+00
 210.6000000       0.00000e+00       0.00000e+00
 210.7000000       0.00000e+00       0.00000e+00
 210.8000000       0.00000e+00       0.00000e+00
 210.9000000       0.00000e+00       0.00000e+00
 211.0000000       0.00000e+00       0.00000e+00
 211.1000000       0.00000e+00       0.00000e+00
 211.2000000       0.00000e+00       0.00000e+00
 211.3000000       0.00000e+00       0.00000e+00
 211.4000000       0.00000e+00       0.00000e+00
 211.5000000       0.00000e+00       0.00000e+00
 211.6000000       0.00000e+00       0.00000e+00
 211.7000000       0.00000e+00       0.00000e+00
 211.8000000       0.00000e+00       0.00000e+00
 211.9000000       0.00000e+00       0.00000e+00
 212.0000000       0.00000e+00       0.00000e+00
 212.1000000       0.00000e+00       0.00000e+00
 212.2000000       0.00000e+00       0.00000e+00
 212.3000000       0.00000e+00       0.00000e+00
 212.4000000       0.00000e+00       0.00000e+00
 212.5000000       0.00000e+00       0.00000e+00
 212.6000000       0.00000e+00       0.00000e+00
 212.7000000       0.00000e+00       0.00000e+00
 212.8000000       0.00000e+00       0.00000e+00
 212.9000000       0.00000e+00       0.00000e+00
 213.0000000       0.00000e+00       0.00000e+00
 213.1000000       0.00000e+00       0.00000e+00
 213.2000000       0.00000e+00       0.00000e+00
 213.3000000       0.00000e+00       0.00000e+00
 213.4000000       0.00000e+00       0.00000e+00
 213.5000000       0.00000e+00       0.00000e+00
 213.6000000       0.00000e+00       0.00000e+00
 213.7000000       0.00000e+00       0.00000e+00
 213.8000000       0.00000e+00       0.00000e+00
 213.9000000       0.00000e+00       0.00000e+00
 214.0000000       0.00000e+00       0.00000e+00
 214.1000000       0.00000e+00       0.00000e+00
 214.2000000       0.00000e+00       0.00000e+00
 214.3000000       0.00000e+00       0.00000e+00
 214.4000000       0.00000e+00       0.00000e+00
 214.5000000       0.00000e+00       0.00000e+00
 214.6000000       0.00000e+00       0.00000e+00
 214.7000000       0.00000e+00       0.00000e+00
 214.8000000       0.00000e+00       0.00000e+00
 214.9000000       0.00000e+00       0.00000e+00
 215.0000000       0.00000e+00       0.00000e+00
 215.1000000       0.00000e+00       0.00000e+00
 215.2000000       0.00000e+00       0.00000e+00
 215.3000000       0.00000e+00       0.00000e+00
 215.4000000       0.00000e+00       0.00000e+00
 215.5000000       0.00000e+00       0.00000e+00
 215.6000000       0.00000e+00       0.00000e+00
 215.7000000       0.00000e+00       0.00000e+00
 215.8000000       0.00000e+00       0.00000e+00
 215.9000000       0.00000e+00       0.00000e+00
 216.0000000       0.00000e+00       0.00000e+00
 216.1000000       0.00000e+00       0.00000e+00
 216.2000000       0.00000e+00       0.00000e+00
 216.3000000       0.00000e+00       0.00000e+00
 216.4000000       0.00000e+00       0.00000e+00
 216.5000000       0.00000e+00       0.00000e+00
 216.6000000       0.00000e+00       0.00000e+00
 216.7000000       0.00000e+00       0.00000e+00
 216.8000000       0.00000e+00       0.00000e+00
 216.9000000       0.00000e+00       0.00000e+00
 217.0000000       0.00000e+00       0.00000e+00
 217.1000000       0.00000e+00       0.00000e+00
 217.2000000       0.00000e+00       0.00000e+00
 217.3000000       0.00000e+00       0.00000e+00
 217.4000000       0.00000e+00       0.00000e+00
 217.5000000       0.00000e+00       0.00000e+00
 217.6000000       0.00000e+00       0.00000e+00
 217.7000000       0.00000e+00       0.00000e+00
 217.8000000       0.00000e+00       0.00000e+00
 217.9000000       0.00000e+00       0.00000e+00
 218.0000000       0.00000e+00       0.00000e+00
 218.1000000       0.00000e+00       0.00000e+00
 218.2000000       0.00000e+00       0.00000e+00
 218.3000000       0.00000e+00       0.00000e+00
 218.4000000       0.00000e+00       0.00000e+00
 218.5000000       0.00000e+00       0.00000e+00
 218.6000000       0.00000e+00       0.00000e+00
 218.7000000       0.00000e+00       0.00000e+00
 218.8000000       0.00000e+00       0.00000e+00
 218.9000000       0.00000e+00       0.00000e+00
 219.0000000       0.00000e+00       0.00000e+00
 219.1000000       0.00000e+00       0.00000e+00
 219.2000000       0.00000e+00       0.00000e+00
 219.3000000       0.00000e+00       0.00000e+00
 219.4000000       0.00000e+00       0.00000e+00
 219.5000000       0.00000e+00       0.00000e+00
 219.6000000       0.00000e+00       0.00000e+00
 219.7000000       0.00000e+00       0.00000e+00
 219.8000000       0.00000e+00       0.00000e+00
 219.9000000       0.00000e+00       0.00000e+00
 220.0000000       0.00000e+00       0.00000e+00
 220.1000000       0.00000e+00       0.00000e+00
 220.2000000       0.00000e+00       0.00000e+00
 220.3000000       0.00000e+00       0.00000e+00
 220.4000000       0.00000e+00       0.00000e+00
 220.5000000       0.00000e+00       0.00000e+00
 220.6000000       0.00000e+00       0.00000e+00
 220.7000000       0.00000e+00       0.00000e+00
 220.8000000       0.00000e+00       0.00000e+00
 220.9000000       0.00000e+00       0.00000e+00
 221.0000000       0.00000e+00       0.00000e+00
 221.1000000       0.00000e+00       0.00000e+00
 221.2000000       0.00000e+00       0.00000e+00
 221.3000000       0.00000e+00       0.00000e+00
 221.4000000       0.00000e+00       0.00000e+00
 221.5000000       0.00000e+00       0.00000e+00
 221.6000000       0.00000e+00       0.00000e+00
 221.7000000       0.00000e+00       0.00000e+00
 221.8000000       0.00000e+00       0.00000e+00
 221.9000000       0.00000e+00       0.00000e+00
 222.0000000       0.00000e+00       0.00000e+00
 222.1000000       0.00000e+00       0.00000e+00
 222.2000000       0.00000e+00       0.00000e+00
 222.3000000       0.00000e+00       0.00000e+00
 222.4000000       0.00000e+00       0.00000e+00
 222.5000000       0.00000e+00       0.00000e+00
 222.6000000       0.00000e+00       0.00000e+00
 222.7000000       0.00000e+00       0.00000e+00
 222.8000000       0.00000e+00       0.00000e+00
 222.9000000       0.00000e+00       0.00000e+00
 223.0000000       0.00000e+00       0.00000e+00
 223.1000000       0.00000e+00       0.00000e+00
 223.2000000       0.00000e+00       0.00000e+00
 223.3000000       0.00000e+00       0.00000e+00
 223.4000000       0.00000e+00       0.00000e+00
 223.5000000       0.00000e+00       0.00000e+00
 223.6000000       0.00000e+00       0.00000e+00
 223.7000000       0.00000e+00       0.00000e+00
 223.8000000       0.00000e+00       0.00000e+00
 223.9000000       0.00000e+00       0.00000e+00
 224.0000000       0.00000e+00       0.00000e+00
 224.1000000       0.00000e+00       0.00000e+00
 224.2000000       0.00000e+00       0.00000e+00
 224.3000000       0.00000e+00       0.00000e+00
 224.4000000       0.00000e+00       0.00000e+00
 224.5000000       0.00000e+00       0.00000e+00
 224.6000000       0.00000e+00       0.00000e+00
 224.7000000       0.00000e+00       0.00000e+00
 224.8000000       0.00000e+00       0.00000e+00
 224.9000000       0.00000e+00       0.00000e+00
 225.0000000       0.00000e+00       0.00000e+00
 225.1000000       0.00000e+00       0.00000e+00
 225.2000000       0.00000e+00       0.00000e+00
 225.3000000       0.00000e+00       0.00000e+00
 225.4000000       0.00000e+00       0.00000e+00
 225.5000000       0.00000e+00       0.00000e+00
 225.6000000       0.00000e+00       0.00000e+00
 225.7000000       0.00000e+00       0.00000e+00
 225.8000000       0.00000e+00       0.00000e+00
 225.9000000       0.00000e+00       0.00000e+00
 226.0000000       0.00000e+00       0.00000e+00
 226.1000000       0.00000e+00       0.00000e+00
 226.2000000       0.00000e+00       0.00000e+00
 226.3000000       0.00000e+00       0.00000e+00
 226.4000000       0.00000e+00       0.00000e+00
 226.5000000       0.00000e+00       0.00000e+00
 226.6000000       0.00000e+00       0.00000e+00
 226.7000000       0.00000e+00       0.00000e+00
 226.8000000       0.00000e+00       0.00000e+00
 226.9000000       0.00000e+00       0.00000e+00
 227.0000000       0.00000e+00       0.00000e+00
 227.1000000       0.00000e+00       0.00000e+00
 227.2000000       0.00000e+00       0.00000e+00
 227.3000000       0.00000e+00       0.00000e+00
 227.4000000       0.00000e+00       0.00000e+00
 227.5000000       0.00000e+00       0.00000e+00
 227.6000000       0.00000e+00       0.00000e+00
 227.7000000       0.00000e+00       0.00000e+00
 227.8000000       0.00000e+00       0.00000e+00
 227.9000000       0.00000e+00       0.00000e+00
 228.0000000       0.00000e+00       0.00000e+00
 228.1000000       0.00000e+00       0.00000e+00
 228.2000000       0.00000e+00       0.00000e+00
 228.3000000       0.00000e+00       0.00000e+00
 228.4000000       0.00000e+00       0.00000e+00
 228.5000000       0.00000e+00       0.00000e+00
 228.6000000       0.00000e+00       0.00000e+00
 228.7000000       0.00000e+00       0.00000e+00
 228.8000000       0.00000e+00       0.00000e+00
 228.9000000       0.00000e+00       0.00000e+00
 229.0000000       0.00000e+00       0.00000e+00
 229.1000000       0.00000e+00       0.00000e+00
 229.2000000       0.00000e+00       0.00000e+00
 229.3000000       0.00000e+00       0.00000e+00
 229.4000000       0.00000e+00       0.00000e+00
 229.5000000       0.00000e+00       0.00000e+00
 229.6000000       0.00000e+00       0.00000e+00
 229.7000000       0.00000e+00       0.00000e+00
 229.8000000       0.00000e+00       0.00000e+00
 229.9000000       0.00000e+00       0.00000e+00
 230.0000000       0.00000e+00       0.00000e+00
 230.1000000       0.00000e+00       0.00000e+00
 230.2000000       0.00000e+00       0.00000e+00
 230.3000000       0.00000e+00       0.00000e+00
 230.4000000       0.00000e+00       0.00000e+00
 230.5000000       0.00000e+00       0.00000e+00
 230.6000000       0.00000e+00       0.00000e+00
 230.7000000       0.00000e+00       0.00000e+00
 230.8000000       0.00000e+00       0.00000e+00
 230.9000000       0.00000e+00       0.00000e+00
 231.0000000       0.00000e+00       0.00000e+00
 231.1000000       0.00000e+00       0.00000e+00
 231.2000000       0.00000e+00       0.00000e+00
 231.3000000       0.00000e+00       0.00000e+00
 231.4000000       0.00000e+00       0.00000e+00
 231.5000000       0.00000e+00       0.00000e+00
 231.6000000       0.00000e+00       0.00000e+00
 231.7000000       0.00000e+00       0.00000e+00
 231.8000000       0.00000e+00       0.00000e+00
 231.9000000       0.00000e+00       0.00000e+00
 232.0000000       0.00000e+00       0.00000e+00
 232.1000000       0.00000e+00       0.00000e+00
 232.2000000       0.00000e+00       0.00000e+00
 232.3000000       0.00000e+00       0.00000e+00
 232.4000000       0.00000e+00       0.00000e+00
 232.5000000       0.00000e+00       0.00000e+00
 232.6000000       0.00000e+00       0.00000e+00
 232.7000000       0.00000e+00       0.00000e+00
 232.8000000       0.00000e+00       0.00000e+00
 232.9000000       0.00000e+00       0.00000e+00
 233.0000000       0.00000e+00       0.00000e+00
 233.1000000       0.00000e+00       0.00000e+00
 233.2000000       0.00000e+00       0.00000e+00
 233.3000000       0.00000e+00       0.00000e+00
 233.4000000       0.00000e+00       0.00000e+00
 233.5000000       0.00000e+00       0.00000e+00
 233.6000000       0.00000e+00       0.00000e+00
 233.7000000       0.00000e+00       0.00000e+00
 233.8000000       0.00000e+00       0.00000e+00
 233.9000000       0.00000e+00       0.00000e+00
 234.0000000       0.00000e+00       0.00000e+00
 234.1000000       0.00000e+00       0.00000e+00
 234.2000000       0.00000e+00       0.00000e+00
 234.3000000       0.00000e+00       0.00000e+00
 234.4000000       0.00000e+00       0.00000e+00
 234.5000000       0.00000e+00       0.00000e+00
 234.6000000       0.00000e+00       0.00000e+00
 234.7000000       0.00000e+00       0.00000e+00
 234.8000000       0.00000e+00       0.00000e+00
 234.9000000       0.00000e+00       0.00000e+00
 235.0000000       0.00000e+00       0.00000e+00
 235.1000000       0.00000e+00       0.00000e+00
 235.2000000       0.00000e+00       0.00000e+00
 235.3000000       0.00000e+00       0.00000e+00
 235.4000000       0.00000e+00       0.00000e+00
 235.5000000       0.00000e+00       0.00000e+00
 235.6000000       0.00000e+00       0.00000e+00
 235.7000000       0.00000e+00       0.00000e+00
 235.8000000       0.00000e+00       0.00000e+00
 235.9000000       0.00000e+00       0.00000e+00
 236.0000000       0.00000e+00       0.00000e+00
 236.1000000       0.00000e+00       0.00000e+00
 236.2000000       0.00000e+00       0.00000e+00
 236.3000000       0.00000e+00       0.00000e+00
 236.4000000       0.00000e+00       0.00000e+00
 236.5000000       0.00000e+00       0.00000e+00
 236.6000000       0.00000e+00       0.00000e+00
 236.7000000       0.00000e+00       0.00000e+00
 236.8000000       0.00000e+00       0.00000e+00
 236.9000000       0.00000e+00       0.00000e+00
 237.0000000       0.00000e+00       0.00000e+00
 237.1000000       0.00000e+00       0.00000e+00
 237.2000000       0.00000e+00       0.00000e+00
 237.3000000       0.00000e+00       0.00000e+00
 237.4000000       0.00000e+00       0.00000e+00
 237.5000000       0.00000e+00       0.00000e+00
 237.6000000       0.00000e+00       0.00000e+00
 237.7000000       0.00000e+00       0.00000e+00
 237.8000000       0.00000e+00       0.00000e+00
 237.9000000       0.00000e+00       0.00000e+00
 238.0000000       0.00000e+00       0.00000e+00
 238.1000000       0.00000e+00       0.00000e+00
 238.2000000       0.00000e+00       0.00000e+00
 238.3000000       0.00000e+00       0.00000e+00
 238.4000000       0.00000e+00       0.00000e+00
 238.5000000       0.00000e+00       0.00000e+00
 238.6000000       0.00000e+00       0.00000e+00
 238.7000000       0.00000e+00       0.00000e+00
 238.8000000       0.00000e+00       0.00000e+00
 238.9000000       0.00000e+00       0.00000e+00
 239.0000000       0.00000e+00       0.00000e+00
 239.1000000       0.00000e+00       0.00000e+00
 239.2000000       0.00000e+00       0.00000e+00
 239.3000000       0.00000e+00       0.00000e+00
 239.4000000       0.00000e+00       0.00000e+00
 239.5000000       0.00000e+00       0.00000e+00
 239.6000000       0.00000e+00       0.00000e+00
 239.7000000       0.00000e+00       0.00000e+00
 239.8000000       0.00000e+00       0.00000e+00
 239.9000000       0.00000e+00       0.00000e+00
 240.0000000       0.00000e+00       0.00000e+00
 240.1000000       0.00000e+00       0.00000e+00
 240.2000000       0.00000e+00       0.00000e+00
 240.3000000       0.00000e+00       0.00000e+00
 240.4000000       0.00000e+00       0.00000e+00
 240.5000000       0.00000e+00       0.00000e+00
 240.6000000       0.00000e+00       0.00000e+00
 240.7000000       0.00000e+00       0.00000e+00
 240.8000000       0.00000e+00       0.00000e+00
 240.9000000       0.00000e+00       0.00000e+00
 241.0000000       0.00000e+00       0.00000e+00
 241.1000000       0.00000e+00       0.00000e+00
 241.2000000       0.00000e+00       0.00000e+00
 241.3000000       0.00000e+00       0.00000e+00
 241.4000000       0.00000e+00       0.00000e+00
 241.5000000       0.00000e+00       0.00000e+00
 241.6000000       0.00000e+00       0.00000e+00
 241.7000000       0.00000e+00       0.00000e+00
 241.8000000       0.00000e+00       0.00000e+00
 241.9000000       0.00000e+00       0.00000e+00
 242.0000000       0.00000e+00       0.00000e+00
 242.1000000       0.00000e+00       0.00000e+00
 242.2000000       0.00000e+00       0.00000e+00
 242.3000000       0.00000e+00       0.00000e+00
 242.4000000       0.00000e+00       0.00000e+00
 242.5000000       0.00000e+00       0.00000e+00
 242.6000000       0.00000e+00       0.00000e+00
 242.7000000       0.00000e+00       0.00000e+00
 242.8000000       0.00000e+00       0.00000e+00
 242.9000000       0.00000e+00       0.00000e+00
 243.0000000       0.00000e+00       0.00000e+00
 243.1000000       0.00000e+00       0.00000e+00
 243.2000000       0.00000e+00       0.00000e+00
 243.3000000       0.00000e+00       0.00000e+00
 243.4000000       0.00000e+00       0.00000e+00
 243.5000000       0.00000e+00       0.00000e+00
 243.6000000       0.00000e+00       0.00000e+00
 243.7000000       0.00000e+00       0.00000e+00
 243.8000000       0.00000e+00       0.00000e+00
 243.9000000       0.00000e+00       0.00000e+00
 244.0000000       0.00000e+00       0.00000e+00
 244.1000000       0.00000e+00       0.00000e+00
 244.2000000       0.00000e+00       0.00000e+00
 244.3000000       0.00000e+00       0.00000e+00
 244.4000000       0.00000e+00       0.00000e+00
 244.5000000       0.00000e+00       0.00000e+00
 244.6000000       0.00000e+00       0.00000e+00
 244.7000000       0.00000e+00       0.00000e+00
 244.8000000       0.00000e+00       0.00000e+00
 244.9000000       0.00000e+00       0.00000e+00
 245.0000000       0.00000e+00       0.00000e+00
 245.1000000       0.00000e+00       0.00000e+00
 245.2000000       0.00000e+00       0.00000e+00
 245.3000000       0.00000e+00       0.00000e+00
 245.4000000       0.00000e+00       0.00000e+00
 245.5000000       0.00000e+00       0.00000e+00
 245.6000000       0.00000e+00       0.00000e+00
 245.7000000       0.00000e+00       0.00000e+00
 245.8000000       0.00000e+00       0.00000e+00
 245.9000000       0.00000e+00       0.00000e+00
 246.0000000       0.00000e+00       0.00000e+00
 246.1000000       0.00000e+00       0.00000e+00
 246.2000000       0.00000e+00       0.00000e+00
 246.3000000       0.00000e+00       0.00000e+00
 246.4000000       0.00000e+00       0.00000e+00
 246.5000000       0.00000e+00       0.00000e+00
 246.6000000       0.00000e+00       0.00000e+00
 246.7000000       0.00000e+00       0.00000e+00
 246.8000000       0.00000e+00       0.00000e+00
 246.9000000       0.00000e+00       0.00000e+00
 247.0000000       0.00000e+00       0.00000e+00
 247.1000000       0.00000e+00       0.00000e+00
 247.2000000       0.00000e+00       0.00000e+00
 247.3000000       0.00000e+00       0.00000e+00
 247.4000000       0.00000e+00       0.00000e+00
 247.5000000       0.00000e+00       0.00000e+00
 247.6000000       0.00000e+00       0.00000e+00
 247.7000000       0.00000e+00       0.00000e+00
 247.8000000       0.00000e+00       0.00000e+00
 247.9000000       0.00000e+00       0.00000e+00
 248.0000000       0.00000e+00       0.00000e+00
 248.1000000       0.00000e+00       0.00000e+00
 248.2000000       0.00000e+00       0.00000e+00
 248.3000000       0.00000e+00       0.00000e+00
 248.4000000       0.00000e+00       0.00000e+00
 248.5000000       0.00000e+00       0.00000e+00
 248.6000000       0.00000e+00       0.00000e+00
 248.7000000       0.00000e+00       0.00000e+00
 248.8000000       0.00000e+00       0.00000e+00
 248.9000000       0.00000e+00       0.00000e+00
 249.0000000       0.00000e+00       0.00000e+00
 249.1000000       0.00000e+00       0.00000e+00
 249.2000000       0.00000e+00       0.00000e+00
 249.3000000       0.00000e+00       0.00000e+00
 249.4000000       0.00000e+00       0.00000e+00
 249.5000000       0.00000e+00       0.00000e+00
 249.6000000       0.00000e+00       0.00000e+00
 249.7000000       0.00000e+00       0.00000e+00
 249.8000000       0.00000e+00       0.00000e+00
 249.9000000       0.00000e+00       0.00000e+00
 250.0000000       0.00000e+00       0.00000e+00
 250.1000000       0.00000e+00       0.00000e+00
 250.2000000       0.00000e+00       0.00000e+00
 250.3000000       0.00000e+00       0.00000e+00
 250.4000000       0.00000e+00       0.00000e+00
 250.5000000       0.00000e+00       0.00000e+00
 250.6000000       0.00000e+00       0.00000e+00
 250.7000000       0.00000e+00       0.00000e+00
 250.8000000       0.00000e+00       0.00000e+00
 250.9000000       0.00000e+00       0.00000e+00
 251.0000000       0.00000e+00       0.00000e+00
 251.1000000       0.00000e+00       0.00000e+00
 251.2000000       0.00000e+00       0.00000e+00
 251.3000000       0.00000e+00       0.00000e+00
 251.4000000       0.00000e+00       0.00000e+00
 251.5000000       0.00000e+00       0.00000e+00
 251.6000000       0.00000e+00       0.00000e+00
 251.7000000       0.00000e+00       0.00000e+00
 251.8000000       0.00000e+00       0.00000e+00
 251.9000000       0.00000e+00       0.00000e+00
 252.0000000       0.00000e+00       0.00000e+00
 252.1000000       0.00000e+00       0.00000e+00
 252.2000000       0.00000e+00       0.00000e+00
 252.3000000       0.00000e+00       0.00000e+00
 252.4000000       0.00000e+00       0.00000e+00
 252.5000000       0.00000e+00       0.00000e+00
 252.6000000       0.00000e+00       0.00000e+00
 252.7000000       0.00000e+00       0.00000e+00
 252.8000000       0.00000e+00       0.00000e+00
 252.9000000       0.00000e+00       0.00000e+00
 253.0000000       0.00000e+00       0.00000e+00
 253.1000000       0.00000e+00       0.00000e+00
 253.2000000       0.00000e+00       0.00000e+00
 253.3000000       0.00000e+00       0.00000e+00
 253.4000000       0.00000e+00       0.00000e+00
 253.5000000       0.00000e+00       0.00000e+00
 253.6000000       0.00000e+00       0.00000e+00
 253.7000000       0.00000e+00       0.00000e+00
 253.8000000       0.00000e+00       0.00000e+00
 253.9000000       0.00000e+00       0.00000e+00
 254.0000000       0.00000e+00       0.00000e+00
 254.1000000       0.00000e+00       0.00000e+00
 254.2000000       0.00000e+00       0.00000e+00
 254.3000000       0.00000e+00       0.00000e+00
 254.4000000       0.00000e+00       0.00000e+00
 254.5000000       0.00000e+00       0.00000e+00
 254.6000000       0.00000e+00       0.00000e+00
 254.7000000       0.00000e+00       0.00000e+00
 254.8000000       0.00000e+00       0.00000e+00
 254.9000000       0.00000e+00       0.00000e+00
 255.0000000       0.00000e+00       0.00000e+00
 255.1000000       0.00000e+00       0.00000e+00
 255.2000000       0.00000e+00       0.00000e+00
 255.3000000       0.00000e+00       0.00000e+00
 255.4000000       0.00000e+00       0.00000e+00
 255.5000000       0.00000e+00       0.00000e+00
 255.6000000       0.00000e+00       0.00000e+00
 255.7000000       0.00000e+00       0.00000e+00
 255.8000000       0.00000e+00       0.00000e+00
 255.9000000       0.00000e+00       0.00000e+00
 256.0000000       0.00000e+00       0.00000e+00
 256.1000000       0.00000e+00       0.00000e+00
 256.2000000       0.00000e+00       0.00000e+00
 256.3000000       0.00000e+00       0.00000e+00
 256.4000000       0.00000e+00       0.00000e+00
 256.5000000       0.00000e+00       0.00000e+00
 256.6000000       0.00000e+00       0.00000e+00
 256.7000000       0.00000e+00       0.00000e+00
 256.8000000       0.00000e+00       0.00000e+00
 256.9000000       0.00000e+00       0.00000e+00
 257.0000000       0.00000e+00       0.00000e+00
 257.1000000       0.00000e+00       0.00000e+00
 257.2000000       0.00000e+00       0.00000e+00
 257.3000000       0.00000e+00       0.00000e+00
 257.4000000       0.00000e+00       0.00000e+00
 257.5000000       0.00000e+00       0.00000e+00
 257.6000000       0.00000e+00       0.00000e+00
 257.7000000       0.00000e+00       0.00000e+00
 257.8000000       0.00000e+00       0.00000e+00
 257.9000000       0.00000e+00       0.00000e+00
 258.0000000       0.00000e+00       0.00000e+00
 258.1000000       0.00000e+00       0.00000e+00
 258.2000000       0.00000e+00       0.00000e+00
 258.3000000       0.00000e+00       0.00000e+00
 258.4000000       0.00000e+00       0.00000e+00
 258.5000000       0.00000e+00       0.00000e+00
 258.6000000       0.00000e+00       0.00000e+00
 258.7000000       4.93038e-31       4.93038e-31
 258.8000000       5.66994e-30       5.66994e-30
 258.9000000       2.98288e-29       2.98288e-29
 259.0000000       1.42241e-28       1.42241e-28
 259.1000000       6.39224e-28       6.39224e-28
 259.2000000       2.71960e-27       2.71960e-27
 259.3000000       1.09588e-26       1.09588e-26
 259.4000000       4.18114e-26       4.18114e-26
 259.5000000       1.51050e-25       1.51050e-25
 259.6000000       5.16691e-25       5.16691e-25
 259.7000000       1.67351e-24       1.67351e-24
 259.8000000       5.13225e-24       5.13225e-24
 259.9000000       1.49028e-23       1.49028e-23
 260.0000000       4.09741e-23       4.09741e-23
 260.1000000       1.06666e-22       1.06666e-22
 260.2000000       2.62917e-22       2.62917e-22
 260.3000000       6.13594e-22       6.13594e-22
 260.4000000       1.35586e-21       1.35586e-21
 260.5000000       2.83669e-21       2.83669e-21
 260.6000000       5.61921e-21       5.61921e-21
 260.7000000       1.05390e-20       1.05390e-20
 260.8000000       1.87147e-20       1.87147e-20
 260.9000000       3.14646e-20       3.14646e-20
 261.0000000       5.00861e-20       5.00861e-20
 261.1000000       7.54858e-20       7.54858e-20
 261.2000000       1.07712e-19       1.07712e-19
 261.3000000       1.45516e-19       1.45516e-19
 261.4000000       1.86126e-19       1.86126e-19
 261.5000000       2.25397e-19       2.25397e-19
 261.6000000       2.58426e-19       2.58426e-19
 261.7000000       2.80524e-19       2.80524e-19
 261.8000000       2.88302e-19       2.88302e-19
 261.9000000       2.80524e-19       2.80524e-19
 262.0000000       2.58426e-19       2.58426e-19
 262.1000000       2.25397e-19       2.25397e-19
 262.2000000       1.86126e-19       1.86126e-19
 262.3000000       1.45516e-19       1.45516e-19
 262.4000000       1.07712e-19       1.07712e-19
 262.5000000       7.54858e-20       7.54858e-20
 262.6000000       5.00861e-20       5.00861e-20
 262.7000000       3.14646e-20       3.14646e-20
 262.8000000       1.87147e-20       1.87147e-20
 262.9000000       1.05390e-20       1.05390e-20
 263.0000000       5.61921e-21       5.61921e-21
 263.1000000       2.83669e-21       2.83669e-21
 263.2000000       1.35586e-21       1.35586e-21
 263.3000000       6.13594e-22       6.13594e-22
 263.4000000       2.62917e-22       2.62917e-22
 263.5000000       1.06666e-22       1.06666e-22
 263.6000000       4.09741e-23       4.09741e-23
 263.7000000       1.49028e-23       1.49028e-23
 263.8000000       5.13225e-24       5.13225e-24
 263.9000000       1.67351e-24       1.67351e-24
 264.0000000       5.16691e-25       5.16691e-25
 264.1000000       1.51050e-25       1.51050e-25
 264.2000000       4.18114e-26       4.18114e-26
 264.3000000       1.09588e-26       1.09588e-26
 264.4000000       2.71960e-27       2.71960e-27
 264.5000000       6.39224e-28       6.39224e-28
 264.6000000       1.42241e-28       1.42241e-28
 264.7000000       3.05684e-29       3.05684e-29
 264.8000000       1.08468e-29       1.08468e-29
 264.9000000       2.46519e-30       2.46519e-30
