# O photoionisation cross section
# Alan Heays 2017-12-15
# references: mendoza1996 http://stacks.iop.org/1402-4896/1996/i=T65/a=030, TOPbase, huebner2015 10.1016/j.pss.2014.11.022,
# wavelength: Wavelength (nm)
# photoabsorption: Photoabsorption cross section (cm2)
# photoionisation: Photoionisation cross section (cm2)
# 
# wavelength   photoabsorption   photoionisation
   4.9000000       5.38686e-20       5.38686e-20
   5.0000000       5.63682e-20       5.63682e-20
   5.1000000       5.98198e-20       5.98198e-20
   5.2000000       6.34066e-20       6.34066e-20
   5.3000000       6.71342e-20       6.71342e-20
   5.4000000       7.10001e-20       7.10001e-20
   5.5000000       7.50174e-20       7.50174e-20
   5.6000000       7.91877e-20       7.91877e-20
   5.7000000       8.35072e-20       8.35072e-20
   5.8000000       8.79804e-20       8.79804e-20
   5.9000000       9.26106e-20       9.26106e-20
   6.0000000       9.73828e-20       9.73828e-20
   6.1000000       1.02313e-19       1.02313e-19
   6.2000000       1.07454e-19       1.07454e-19
   6.3000000       1.12774e-19       1.12774e-19
   6.4000000       1.18208e-19       1.18208e-19
   6.5000000       1.23803e-19       1.23803e-19
   6.6000000       1.29605e-19       1.29605e-19
   6.7000000       1.35609e-19       1.35609e-19
   6.8000000       1.41811e-19       1.41811e-19
   6.9000000       1.48147e-19       1.48147e-19
   7.0000000       1.54630e-19       1.54630e-19
   7.1000000       1.61390e-19       1.61390e-19
   7.2000000       1.68321e-19       1.68321e-19
   7.3000000       1.75412e-19       1.75412e-19
   7.4000000       1.82747e-19       1.82747e-19
   7.5000000       1.90271e-19       1.90271e-19
   7.6000000       1.97952e-19       1.97952e-19
   7.7000000       2.05852e-19       2.05852e-19
   7.8000000       2.14001e-19       2.14001e-19
   7.9000000       2.22321e-19       2.22321e-19
   8.0000000       2.30842e-19       2.30842e-19
   8.1000000       2.39621e-19       2.39621e-19
   8.2000000       2.48627e-19       2.48627e-19
   8.3000000       2.57864e-19       2.57864e-19
   8.4000000       2.67255e-19       2.67255e-19
   8.5000000       2.76885e-19       2.76885e-19
   8.6000000       2.86776e-19       2.86776e-19
   8.7000000       2.96883e-19       2.96883e-19
   8.8000000       3.07298e-19       3.07298e-19
   8.9000000       3.17873e-19       3.17873e-19
   9.0000000       3.28752e-19       3.28752e-19
   9.1000000       3.39802e-19       3.39802e-19
   9.2000000       3.51146e-19       3.51146e-19
   9.3000000       3.62713e-19       3.62713e-19
   9.4000000       3.74533e-19       3.74533e-19
   9.5000000       3.86615e-19       3.86615e-19
   9.6000000       3.98894e-19       3.98894e-19
   9.7000000       4.11514e-19       4.11514e-19
   9.8000000       4.24325e-19       4.24325e-19
   9.9000000       4.37512e-19       4.37512e-19
  10.0000000       4.50879e-19       4.50879e-19
  10.1000000       4.64607e-19       4.64607e-19
  10.2000000       4.78498e-19       4.78498e-19
  10.3000000       4.92757e-19       4.92757e-19
  10.4000000       5.07189e-19       5.07189e-19
  10.5000000       5.21979e-19       5.21979e-19
  10.6000000       5.36970e-19       5.36970e-19
  10.7000000       5.52337e-19       5.52337e-19
  10.8000000       5.68011e-19       5.68011e-19
  10.9000000       5.83928e-19       5.83928e-19
  11.0000000       6.00197e-19       6.00197e-19
  11.1000000       6.16634e-19       6.16634e-19
  11.2000000       6.33540e-19       6.33540e-19
  11.3000000       6.50548e-19       6.50548e-19
  11.4000000       6.68055e-19       6.68055e-19
  11.5000000       6.85669e-19       6.85669e-19
  11.6000000       7.03788e-19       7.03788e-19
  11.7000000       7.22165e-19       7.22165e-19
  11.8000000       7.40807e-19       7.40807e-19
  11.9000000       7.59899e-19       7.59899e-19
  12.0000000       7.79089e-19       7.79089e-19
  12.1000000       7.98867e-19       7.98867e-19
  12.2000000       8.18753e-19       8.18753e-19
  12.3000000       8.39063e-19       8.39063e-19
  12.4000000       8.59718e-19       8.59718e-19
  12.5000000       8.80525e-19       8.80525e-19
  12.6000000       9.01999e-19       9.01999e-19
  12.7000000       9.23553e-19       9.23553e-19
  12.8000000       9.45586e-19       9.45586e-19
  12.9000000       9.68002e-19       9.68002e-19
  13.0000000       9.90522e-19       9.90522e-19
  13.1000000       1.01370e-18       1.01370e-18
  13.2000000       1.03700e-18       1.03700e-18
  13.3000000       1.06065e-18       1.06065e-18
  13.4000000       1.08490e-18       1.08490e-18
  13.5000000       1.10918e-18       1.10918e-18
  13.6000000       1.13409e-18       1.13409e-18
  13.7000000       1.15932e-18       1.15932e-18
  13.8000000       1.18469e-18       1.18469e-18
  13.9000000       1.21102e-18       1.21102e-18
  14.0000000       1.23755e-18       1.23755e-18
  14.1000000       1.26420e-18       1.26420e-18
  14.2000000       1.29123e-18       1.29123e-18
  14.3000000       1.31830e-18       1.31830e-18
  14.4000000       1.34586e-18       1.34586e-18
  14.5000000       1.37443e-18       1.37443e-18
  14.6000000       1.40302e-18       1.40302e-18
  14.7000000       1.43207e-18       1.43207e-18
  14.8000000       1.46179e-18       1.46179e-18
  14.9000000       1.49151e-18       1.49151e-18
  15.0000000       1.52170e-18       1.52170e-18
  15.1000000       1.55248e-18       1.55248e-18
  15.2000000       1.58327e-18       1.58327e-18
  15.3000000       1.61462e-18       1.61462e-18
  15.4000000       1.64673e-18       1.64673e-18
  15.5000000       1.67884e-18       1.67884e-18
  15.6000000       1.71140e-18       1.71140e-18
  15.7000000       1.74479e-18       1.74479e-18
  15.8000000       1.77818e-18       1.77818e-18
  15.9000000       1.81195e-18       1.81195e-18
  16.0000000       1.84679e-18       1.84679e-18
  16.1000000       1.88170e-18       1.88170e-18
  16.2000000       1.91675e-18       1.91675e-18
  16.3000000       1.95266e-18       1.95266e-18
  16.4000000       1.98871e-18       1.98871e-18
  16.5000000       2.02480e-18       2.02480e-18
  16.6000000       2.06202e-18       2.06202e-18
  16.7000000       2.09975e-18       2.09975e-18
  16.8000000       2.13749e-18       2.13749e-18
  16.9000000       2.17584e-18       2.17584e-18
  17.0000000       2.21517e-18       2.21517e-18
  17.1000000       2.25452e-18       2.25452e-18
  17.2000000       2.29403e-18       2.29403e-18
  17.3000000       2.33467e-18       2.33467e-18
  17.4000000       2.37552e-18       2.37552e-18
  17.5000000       2.41637e-18       2.41637e-18
  17.6000000       2.45808e-18       2.45808e-18
  17.7000000       2.50068e-18       2.50068e-18
  17.8000000       2.54328e-18       2.54328e-18
  17.9000000       2.58604e-18       2.58604e-18
  18.0000000       2.63002e-18       2.63002e-18
  18.1000000       2.67426e-18       2.67426e-18
  18.2000000       2.71849e-18       2.71849e-18
  18.3000000       2.76327e-18       2.76327e-18
  18.4000000       2.80905e-18       2.80905e-18
  18.5000000       2.85485e-18       2.85485e-18
  18.6000000       2.90067e-18       2.90067e-18
  18.7000000       2.94791e-18       2.94791e-18
  18.8000000       2.99599e-18       2.99599e-18
  18.9000000       3.04406e-18       3.04406e-18
  19.0000000       3.09225e-18       3.09225e-18
  19.1000000       3.14166e-18       3.14166e-18
  19.2000000       3.19139e-18       3.19139e-18
  19.3000000       3.24111e-18       3.24111e-18
  19.4000000       3.29118e-18       3.29118e-18
  19.5000000       3.34299e-18       3.34299e-18
  19.6000000       3.39506e-18       3.39506e-18
  19.7000000       3.44713e-18       3.44713e-18
  19.8000000       3.49957e-18       3.49957e-18
  19.9000000       3.55347e-18       3.55347e-18
  20.0000000       3.60751e-18       3.60751e-18
  20.1000000       3.66155e-18       3.66155e-18
  20.2000000       3.71600e-18       3.71600e-18
  20.3000000       3.77199e-18       3.77199e-18
  20.4000000       3.82813e-18       3.82813e-18
  20.5000000       3.88427e-18       3.88427e-18
  20.6000000       3.94078e-18       3.94078e-18
  20.7000000       3.99918e-18       3.99918e-18
  20.8000000       4.05783e-18       4.05783e-18
  20.9000000       4.11648e-18       4.11648e-18
  21.0000000       4.17529e-18       4.17529e-18
  21.1000000       4.23567e-18       4.23567e-18
  21.2000000       4.29644e-18       4.29644e-18
  21.3000000       4.35722e-18       4.35722e-18
  21.4000000       4.41802e-18       4.41802e-18
  21.5000000       4.48052e-18       4.48052e-18
  21.6000000       4.54403e-18       4.54403e-18
  21.7000000       4.60754e-18       4.60754e-18
  21.8000000       4.67105e-18       4.67105e-18
  21.9000000       4.73533e-18       4.73533e-18
  22.0000000       4.80115e-18       4.80115e-18
  22.1000000       4.86702e-18       4.86702e-18
  22.2000000       4.93289e-18       4.93289e-18
  22.3000000       4.99898e-18       4.99898e-18
  22.4000000       5.06722e-18       5.06722e-18
  22.5000000       5.13600e-18       5.13600e-18
  22.6000000       5.20478e-18       5.20478e-18
  22.7000000       5.27356e-18       5.27356e-18
  22.8000000       5.33009e-18       5.33009e-18
  22.9000000       5.36767e-18       5.36767e-18
  23.0000000       5.40502e-18       5.40502e-18
  23.1000000       5.44238e-18       5.44238e-18
  23.2000000       5.47974e-18       5.47974e-18
  23.3000000       5.51709e-18       5.51709e-18
  23.4000000       5.55445e-18       5.55445e-18
  23.5000000       5.59181e-18       5.59181e-18
  23.6000000       5.64082e-18       5.64082e-18
  23.7000000       5.69012e-18       5.69012e-18
  23.8000000       5.72719e-18       5.72719e-18
  23.9000000       5.76098e-18       5.76098e-18
  24.0000000       5.80129e-18       5.80129e-18
  24.1000000       5.84422e-18       5.84422e-18
  24.2000000       5.88708e-18       5.88708e-18
  24.3000000       5.92455e-18       5.92455e-18
  24.4000000       5.95869e-18       5.95869e-18
  24.5000000       5.99284e-18       5.99284e-18
  24.6000000       6.02698e-18       6.02698e-18
  24.7000000       6.06113e-18       6.06113e-18
  24.8000000       6.09527e-18       6.09527e-18
  24.9000000       6.12942e-18       6.12942e-18
  25.0000000       6.16356e-18       6.16356e-18
  25.1000000       6.19771e-18       6.19771e-18
  25.2000000       6.23185e-18       6.23185e-18
  25.3000000       6.26600e-18       6.26600e-18
  25.4000000       6.30014e-18       6.30014e-18
  25.5000000       6.33439e-18       6.33439e-18
  25.6000000       6.36914e-18       6.36914e-18
  25.7000000       6.40394e-18       6.40394e-18
  25.8000000       6.43875e-18       6.43875e-18
  25.9000000       6.47356e-18       6.47356e-18
  26.0000000       6.50836e-18       6.50836e-18
  26.1000000       6.54317e-18       6.54317e-18
  26.2000000       6.57798e-18       6.57798e-18
  26.3000000       6.61278e-18       6.61278e-18
  26.4000000       6.64759e-18       6.64759e-18
  26.5000000       6.68240e-18       6.68240e-18
  26.6000000       6.71720e-18       6.71720e-18
  26.7000000       6.75201e-18       6.75201e-18
  26.8000000       6.78682e-18       6.78682e-18
  26.9000000       6.82162e-18       6.82162e-18
  27.0000000       6.85643e-18       6.85643e-18
  27.1000000       6.89124e-18       6.89124e-18
  27.2000000       6.92604e-18       6.92604e-18
  27.3000000       6.96085e-18       6.96085e-18
  27.4000000       6.99565e-18       6.99565e-18
  27.5000000       7.03046e-18       7.03046e-18
  27.6000000       7.06527e-18       7.06527e-18
  27.7000000       7.10007e-18       7.10007e-18
  27.8000000       7.13488e-18       7.13488e-18
  27.9000000       7.16969e-18       7.16969e-18
  28.0000000       7.20449e-18       7.20449e-18
  28.1000000       7.23930e-18       7.23930e-18
  28.2000000       7.27411e-18       7.27411e-18
  28.3000000       7.30891e-18       7.30891e-18
  28.4000000       7.34372e-18       7.34372e-18
  28.5000000       7.37853e-18       7.37853e-18
  28.6000000       7.41333e-18       7.41333e-18
  28.7000000       7.44814e-18       7.44814e-18
  28.8000000       7.48295e-18       7.48295e-18
  28.9000000       7.51775e-18       7.51775e-18
  29.0000000       7.55256e-18       7.55256e-18
  29.1000000       7.58736e-18       7.58736e-18
  29.2000000       7.62217e-18       7.62217e-18
  29.3000000       7.65698e-18       7.65698e-18
  29.4000000       7.69178e-18       7.69178e-18
  29.5000000       7.72659e-18       7.72659e-18
  29.6000000       7.76140e-18       7.76140e-18
  29.7000000       7.79620e-18       7.79620e-18
  29.8000000       7.83101e-18       7.83101e-18
  29.9000000       7.86582e-18       7.86582e-18
  30.0000000       7.90062e-18       7.90062e-18
  30.1000000       7.93543e-18       7.93543e-18
  30.2000000       7.97024e-18       7.97024e-18
  30.3000000       8.00498e-18       8.00498e-18
  30.4000000       8.03226e-18       8.03226e-18
  30.5000000       8.05440e-18       8.05440e-18
  30.6000000       8.07654e-18       8.07654e-18
  30.7000000       8.09867e-18       8.09867e-18
  30.8000000       8.12081e-18       8.12081e-18
  30.9000000       8.14295e-18       8.14295e-18
  31.0000000       8.16509e-18       8.16509e-18
  31.1000000       8.20547e-18       8.20547e-18
  31.2000000       8.22036e-18       8.22036e-18
  31.3000000       8.22162e-18       8.22162e-18
  31.4000000       8.25125e-18       8.25125e-18
  31.5000000       8.27064e-18       8.27064e-18
  31.6000000       8.39920e-18       8.39920e-18
  31.7000000       8.38485e-18       8.38485e-18
  31.8000000       8.41380e-18       8.41380e-18
  31.9000000       8.44274e-18       8.44274e-18
  32.0000000       8.51373e-18       8.51373e-18
  32.1000000       8.39290e-18       8.39290e-18
  32.2000000       8.43764e-18       8.43764e-18
  32.3000000       8.48238e-18       8.48238e-18
  32.4000000       8.52711e-18       8.52711e-18
  32.5000000       8.57185e-18       8.57185e-18
  32.6000000       8.61658e-18       8.61658e-18
  32.7000000       8.66132e-18       8.66132e-18
  32.8000000       8.71288e-18       8.71288e-18
  32.9000000       8.76920e-18       8.76920e-18
  33.0000000       8.81188e-18       8.81188e-18
  33.1000000       8.88913e-18       8.88913e-18
  33.2000000       8.74187e-18       8.74187e-18
  33.3000000       9.23098e-18       9.23098e-18
  33.4000000       8.82429e-18       8.82429e-18
  33.5000000       8.84084e-18       8.84084e-18
  33.6000000       8.87659e-18       8.87659e-18
  33.7000000       8.91234e-18       8.91234e-18
  33.8000000       8.98894e-18       8.98894e-18
  33.9000000       9.12442e-18       9.12442e-18
  34.0000000       9.12282e-18       9.12282e-18
  34.1000000       9.13855e-18       9.13855e-18
  34.2000000       9.15428e-18       9.15428e-18
  34.3000000       9.17002e-18       9.17002e-18
  34.4000000       9.18575e-18       9.18575e-18
  34.5000000       9.20148e-18       9.20148e-18
  34.6000000       9.21721e-18       9.21721e-18
  34.7000000       9.23294e-18       9.23294e-18
  34.8000000       9.24867e-18       9.24867e-18
  34.9000000       9.26441e-18       9.26441e-18
  35.0000000       9.28014e-18       9.28014e-18
  35.1000000       9.29587e-18       9.29587e-18
  35.2000000       9.46565e-18       9.46565e-18
  35.3000000       9.51710e-18       9.51710e-18
  35.4000000       9.50599e-18       9.50599e-18
  35.5000000       9.51301e-18       9.51301e-18
  35.6000000       9.52003e-18       9.52003e-18
  35.7000000       9.52704e-18       9.52704e-18
  35.8000000       9.53406e-18       9.53406e-18
  35.9000000       9.54108e-18       9.54108e-18
  36.0000000       9.54810e-18       9.54810e-18
  36.1000000       9.55511e-18       9.55511e-18
  36.2000000       9.56213e-18       9.56213e-18
  36.3000000       9.56915e-18       9.56915e-18
  36.4000000       9.68502e-18       9.68502e-18
  36.5000000       9.78036e-18       9.78036e-18
  36.6000000       9.76107e-18       9.76107e-18
  36.7000000       9.72745e-18       9.72745e-18
  36.8000000       9.81168e-18       9.81168e-18
  36.9000000       9.77238e-18       9.77238e-18
  37.0000000       9.81838e-18       9.81838e-18
  37.1000000       9.94753e-18       9.94753e-18
  37.2000000       9.96170e-18       9.96170e-18
  37.3000000       9.97588e-18       9.97588e-18
  37.4000000       9.99005e-18       9.99005e-18
  37.5000000       1.00042e-17       1.00042e-17
  37.6000000       1.00295e-17       1.00295e-17
  37.7000000       1.00678e-17       1.00678e-17
  37.8000000       1.00788e-17       1.00788e-17
  37.9000000       1.00898e-17       1.00898e-17
  38.0000000       1.01009e-17       1.01009e-17
  38.1000000       1.01119e-17       1.01119e-17
  38.2000000       1.01229e-17       1.01229e-17
  38.3000000       1.01339e-17       1.01339e-17
  38.4000000       1.01449e-17       1.01449e-17
  38.5000000       1.01560e-17       1.01560e-17
  38.6000000       1.01670e-17       1.01670e-17
  38.7000000       1.01780e-17       1.01780e-17
  38.8000000       1.01890e-17       1.01890e-17
  38.9000000       1.02000e-17       1.02000e-17
  39.0000000       1.02111e-17       1.02111e-17
  39.1000000       1.02221e-17       1.02221e-17
  39.2000000       1.02331e-17       1.02331e-17
  39.3000000       1.05921e-17       1.05921e-17
  39.4000000       1.05542e-17       1.05542e-17
  39.5000000       1.05723e-17       1.05723e-17
  39.6000000       1.05904e-17       1.05904e-17
  39.7000000       1.06086e-17       1.06086e-17
  39.8000000       1.06267e-17       1.06267e-17
  39.9000000       1.06449e-17       1.06449e-17
  40.0000000       1.06630e-17       1.06630e-17
  40.1000000       1.06811e-17       1.06811e-17
  40.2000000       1.06993e-17       1.06993e-17
  40.3000000       1.07174e-17       1.07174e-17
  40.4000000       1.07355e-17       1.07355e-17
  40.5000000       1.07537e-17       1.07537e-17
  40.6000000       1.07718e-17       1.07718e-17
  40.7000000       1.07899e-17       1.07899e-17
  40.8000000       1.08081e-17       1.08081e-17
  40.9000000       1.08262e-17       1.08262e-17
  41.0000000       1.08443e-17       1.08443e-17
  41.1000000       1.08625e-17       1.08625e-17
  41.2000000       1.08806e-17       1.08806e-17
  41.3000000       1.08987e-17       1.08987e-17
  41.4000000       1.09169e-17       1.09169e-17
  41.5000000       1.09350e-17       1.09350e-17
  41.6000000       1.09531e-17       1.09531e-17
  41.7000000       1.09713e-17       1.09713e-17
  41.8000000       1.09894e-17       1.09894e-17
  41.9000000       1.10075e-17       1.10075e-17
  42.0000000       1.10257e-17       1.10257e-17
  42.1000000       1.10438e-17       1.10438e-17
  42.2000000       1.10619e-17       1.10619e-17
  42.3000000       1.10801e-17       1.10801e-17
  42.4000000       1.10982e-17       1.10982e-17
  42.5000000       1.11163e-17       1.11163e-17
  42.6000000       1.11345e-17       1.11345e-17
  42.7000000       1.11526e-17       1.11526e-17
  42.8000000       1.11707e-17       1.11707e-17
  42.9000000       1.11889e-17       1.11889e-17
  43.0000000       1.12070e-17       1.12070e-17
  43.1000000       1.12251e-17       1.12251e-17
  43.2000000       1.12433e-17       1.12433e-17
  43.3000000       1.12614e-17       1.12614e-17
  43.4000000       1.12796e-17       1.12796e-17
  43.5000000       1.12977e-17       1.12977e-17
  43.6000000       1.13158e-17       1.13158e-17
  43.7000000       1.12151e-17       1.12151e-17
  43.8000000       1.10309e-17       1.10309e-17
  43.9000000       1.14353e-17       1.14353e-17
  44.0000000       1.16074e-17       1.16074e-17
  44.1000000       1.10896e-17       1.10896e-17
  44.2000000       1.19194e-17       1.19194e-17
  44.3000000       1.16553e-17       1.16553e-17
  44.4000000       1.10751e-17       1.10751e-17
  44.5000000       1.05936e-17       1.05936e-17
  44.6000000       1.22727e-17       1.22727e-17
  44.7000000       1.21992e-17       1.21992e-17
  44.8000000       1.16884e-17       1.16884e-17
  44.9000000       1.14853e-17       1.14853e-17
  45.0000000       1.12821e-17       1.12821e-17
  45.1000000       1.10789e-17       1.10789e-17
  45.2000000       1.08692e-17       1.08692e-17
  45.3000000       1.00414e-17       1.00414e-17
  45.4000000       1.06852e-17       1.06852e-17
  45.5000000       1.57187e-17       1.57187e-17
  45.6000000       1.24991e-17       1.24991e-17
  45.7000000       1.20593e-17       1.20593e-17
  45.8000000       1.19863e-17       1.19863e-17
  45.9000000       1.19133e-17       1.19133e-17
  46.0000000       1.18403e-17       1.18403e-17
  46.1000000       1.17673e-17       1.17673e-17
  46.2000000       1.16943e-17       1.16943e-17
  46.3000000       1.16213e-17       1.16213e-17
  46.4000000       1.15483e-17       1.15483e-17
  46.5000000       1.14753e-17       1.14753e-17
  46.6000000       1.14023e-17       1.14023e-17
  46.7000000       1.13293e-17       1.13293e-17
  46.8000000       1.12563e-17       1.12563e-17
  46.9000000       1.11833e-17       1.11833e-17
  47.0000000       1.11103e-17       1.11103e-17
  47.1000000       1.10372e-17       1.10372e-17
  47.2000000       1.09642e-17       1.09642e-17
  47.3000000       1.07568e-17       1.07568e-17
  47.4000000       1.02283e-17       1.02283e-17
  47.5000000       9.27254e-18       9.27254e-18
  47.6000000       1.15496e-17       1.15496e-17
  47.7000000       1.16521e-17       1.16521e-17
  47.8000000       1.19577e-17       1.19577e-17
  47.9000000       1.25063e-17       1.25063e-17
  48.0000000       2.55928e-17       2.55928e-17
  48.1000000       1.39487e-17       1.39487e-17
  48.2000000       1.30535e-17       1.30535e-17
  48.3000000       1.27849e-17       1.27849e-17
  48.4000000       1.25167e-17       1.25167e-17
  48.5000000       1.23851e-17       1.23851e-17
  48.6000000       1.23758e-17       1.23758e-17
  48.7000000       1.23665e-17       1.23665e-17
  48.8000000       1.23573e-17       1.23573e-17
  48.9000000       1.23480e-17       1.23480e-17
  49.0000000       1.23387e-17       1.23387e-17
  49.1000000       1.23294e-17       1.23294e-17
  49.2000000       1.23201e-17       1.23201e-17
  49.3000000       1.23109e-17       1.23109e-17
  49.4000000       1.23016e-17       1.23016e-17
  49.5000000       1.22923e-17       1.22923e-17
  49.6000000       1.22830e-17       1.22830e-17
  49.7000000       1.22737e-17       1.22737e-17
  49.8000000       1.22645e-17       1.22645e-17
  49.9000000       1.22552e-17       1.22552e-17
  50.0000000       1.22459e-17       1.22459e-17
  50.1000000       1.22366e-17       1.22366e-17
  50.2000000       1.22274e-17       1.22274e-17
  50.3000000       1.22181e-17       1.22181e-17
  50.4000000       1.22088e-17       1.22088e-17
  50.5000000       1.21995e-17       1.21995e-17
  50.6000000       1.21902e-17       1.21902e-17
  50.7000000       1.21810e-17       1.21810e-17
  50.8000000       1.21717e-17       1.21717e-17
  50.9000000       1.21624e-17       1.21624e-17
  51.0000000       1.21531e-17       1.21531e-17
  51.1000000       1.21438e-17       1.21438e-17
  51.2000000       1.21346e-17       1.21346e-17
  51.3000000       1.21253e-17       1.21253e-17
  51.4000000       1.21160e-17       1.21160e-17
  51.5000000       1.21067e-17       1.21067e-17
  51.6000000       1.20974e-17       1.20974e-17
  51.7000000       1.20882e-17       1.20882e-17
  51.8000000       1.20789e-17       1.20789e-17
  51.9000000       1.20696e-17       1.20696e-17
  52.0000000       1.20610e-17       1.20610e-17
  52.1000000       1.20567e-17       1.20567e-17
  52.2000000       1.20533e-17       1.20533e-17
  52.3000000       1.20498e-17       1.20498e-17
  52.4000000       1.20464e-17       1.20464e-17
  52.5000000       1.20430e-17       1.20430e-17
  52.6000000       1.20396e-17       1.20396e-17
  52.7000000       1.20361e-17       1.20361e-17
  52.8000000       1.20327e-17       1.20327e-17
  52.9000000       1.20293e-17       1.20293e-17
  53.0000000       1.20259e-17       1.20259e-17
  53.1000000       1.20224e-17       1.20224e-17
  53.2000000       1.20190e-17       1.20190e-17
  53.3000000       1.20156e-17       1.20156e-17
  53.4000000       1.20122e-17       1.20122e-17
  53.5000000       1.20087e-17       1.20087e-17
  53.6000000       1.20053e-17       1.20053e-17
  53.7000000       1.20019e-17       1.20019e-17
  53.8000000       1.19985e-17       1.19985e-17
  53.9000000       1.19950e-17       1.19950e-17
  54.0000000       1.19916e-17       1.19916e-17
  54.1000000       1.19882e-17       1.19882e-17
  54.2000000       1.19848e-17       1.19848e-17
  54.3000000       1.19813e-17       1.19813e-17
  54.4000000       1.19779e-17       1.19779e-17
  54.5000000       1.19745e-17       1.19745e-17
  54.6000000       1.19711e-17       1.19711e-17
  54.7000000       1.19676e-17       1.19676e-17
  54.8000000       1.19642e-17       1.19642e-17
  54.9000000       1.19608e-17       1.19608e-17
  55.0000000       1.19574e-17       1.19574e-17
  55.1000000       1.19539e-17       1.19539e-17
  55.2000000       1.19505e-17       1.19505e-17
  55.3000000       1.19471e-17       1.19471e-17
  55.4000000       1.19437e-17       1.19437e-17
  55.5000000       1.19402e-17       1.19402e-17
  55.6000000       1.19368e-17       1.19368e-17
  55.7000000       1.19334e-17       1.19334e-17
  55.8000000       1.19300e-17       1.19300e-17
  55.9000000       1.19265e-17       1.19265e-17
  56.0000000       1.19231e-17       1.19231e-17
  56.1000000       1.19197e-17       1.19197e-17
  56.2000000       1.19163e-17       1.19163e-17
  56.3000000       1.19128e-17       1.19128e-17
  56.4000000       1.19094e-17       1.19094e-17
  56.5000000       1.19060e-17       1.19060e-17
  56.6000000       1.19026e-17       1.19026e-17
  56.7000000       1.18991e-17       1.18991e-17
  56.8000000       1.18957e-17       1.18957e-17
  56.9000000       1.18923e-17       1.18923e-17
  57.0000000       1.18889e-17       1.18889e-17
  57.1000000       1.18854e-17       1.18854e-17
  57.2000000       1.18820e-17       1.18820e-17
  57.3000000       1.18786e-17       1.18786e-17
  57.4000000       1.18751e-17       1.18751e-17
  57.5000000       1.18717e-17       1.18717e-17
  57.6000000       1.18683e-17       1.18683e-17
  57.7000000       1.18649e-17       1.18649e-17
  57.8000000       1.18614e-17       1.18614e-17
  57.9000000       1.18580e-17       1.18580e-17
  58.0000000       1.18546e-17       1.18546e-17
  58.1000000       1.18512e-17       1.18512e-17
  58.2000000       1.18477e-17       1.18477e-17
  58.3000000       1.18443e-17       1.18443e-17
  58.4000000       1.18409e-17       1.18409e-17
  58.5000000       1.18375e-17       1.18375e-17
  58.6000000       1.18340e-17       1.18340e-17
  58.7000000       1.18306e-17       1.18306e-17
  58.8000000       1.18272e-17       1.18272e-17
  58.9000000       1.18238e-17       1.18238e-17
  59.0000000       1.18203e-17       1.18203e-17
  59.1000000       1.18169e-17       1.18169e-17
  59.2000000       1.18135e-17       1.18135e-17
  59.3000000       1.18101e-17       1.18101e-17
  59.4000000       1.18066e-17       1.18066e-17
  59.5000000       1.18032e-17       1.18032e-17
  59.6000000       1.17998e-17       1.17998e-17
  59.7000000       1.17964e-17       1.17964e-17
  59.8000000       1.17929e-17       1.17929e-17
  59.9000000       1.17895e-17       1.17895e-17
  60.0000000       1.17861e-17       1.17861e-17
  60.1000000       1.17827e-17       1.17827e-17
  60.2000000       1.17792e-17       1.17792e-17
  60.3000000       1.17758e-17       1.17758e-17
  60.4000000       1.17724e-17       1.17724e-17
  60.5000000       1.17690e-17       1.17690e-17
  60.6000000       1.17655e-17       1.17655e-17
  60.7000000       1.17621e-17       1.17621e-17
  60.8000000       1.17587e-17       1.17587e-17
  60.9000000       1.17553e-17       1.17553e-17
  61.0000000       1.17518e-17       1.17518e-17
  61.1000000       1.17484e-17       1.17484e-17
  61.2000000       1.17450e-17       1.17450e-17
  61.3000000       1.17416e-17       1.17416e-17
  61.4000000       1.17381e-17       1.17381e-17
  61.5000000       1.17347e-17       1.17347e-17
  61.6000000       1.17313e-17       1.17313e-17
  61.7000000       1.17279e-17       1.17279e-17
  61.8000000       1.17244e-17       1.17244e-17
  61.9000000       1.17210e-17       1.17210e-17
  62.0000000       1.17176e-17       1.17176e-17
  62.1000000       1.17142e-17       1.17142e-17
  62.2000000       1.17107e-17       1.17107e-17
  62.3000000       1.17073e-17       1.17073e-17
  62.4000000       1.17039e-17       1.17039e-17
  62.5000000       1.17005e-17       1.17005e-17
  62.6000000       1.16970e-17       1.16970e-17
  62.7000000       1.16936e-17       1.16936e-17
  62.8000000       1.16902e-17       1.16902e-17
  62.9000000       1.16868e-17       1.16868e-17
  63.0000000       1.16833e-17       1.16833e-17
  63.1000000       1.16799e-17       1.16799e-17
  63.2000000       1.16765e-17       1.16765e-17
  63.3000000       1.16731e-17       1.16731e-17
  63.4000000       1.16696e-17       1.16696e-17
  63.5000000       1.16662e-17       1.16662e-17
  63.6000000       1.16628e-17       1.16628e-17
  63.7000000       1.16594e-17       1.16594e-17
  63.8000000       1.16559e-17       1.16559e-17
  63.9000000       1.16525e-17       1.16525e-17
  64.0000000       1.16491e-17       1.16491e-17
  64.1000000       1.16457e-17       1.16457e-17
  64.2000000       1.16422e-17       1.16422e-17
  64.3000000       1.16388e-17       1.16388e-17
  64.4000000       1.16354e-17       1.16354e-17
  64.5000000       1.16319e-17       1.16319e-17
  64.6000000       1.16285e-17       1.16285e-17
  64.7000000       1.16251e-17       1.16251e-17
  64.8000000       1.16217e-17       1.16217e-17
  64.9000000       1.16182e-17       1.16182e-17
  65.0000000       1.16148e-17       1.16148e-17
  65.1000000       1.16114e-17       1.16114e-17
  65.2000000       1.16080e-17       1.16080e-17
  65.3000000       1.16045e-17       1.16045e-17
  65.4000000       1.16011e-17       1.16011e-17
  65.5000000       1.15977e-17       1.15977e-17
  65.6000000       1.15943e-17       1.15943e-17
  65.7000000       1.15908e-17       1.15908e-17
  65.8000000       1.15874e-17       1.15874e-17
  65.9000000       1.15840e-17       1.15840e-17
  66.0000000       1.15806e-17       1.15806e-17
  66.1000000       1.15771e-17       1.15771e-17
  66.2000000       1.15737e-17       1.15737e-17
  66.3000000       1.15703e-17       1.15703e-17
  66.4000000       1.15669e-17       1.15669e-17
  66.5000000       1.15634e-17       1.15634e-17
  66.6000000       1.15600e-17       1.15600e-17
  66.7000000       1.15566e-17       1.15566e-17
  66.8000000       1.15532e-17       1.15532e-17
  66.9000000       1.14973e-17       1.14973e-17
  67.0000000       1.06728e-17       1.06728e-17
  67.1000000       9.58933e-18       9.58933e-18
  67.2000000       1.14500e-17       1.14500e-17
  67.3000000       9.62582e-18       9.62582e-18
  67.4000000       1.07591e-17       1.07591e-17
  67.5000000       1.11589e-17       1.11589e-17
  67.6000000       9.67446e-18       9.67446e-18
  67.7000000       9.02210e-18       9.02210e-18
  67.8000000       1.16434e-17       1.16434e-17
  67.9000000       1.19225e-17       1.19225e-17
  68.0000000       9.98297e-18       9.98297e-18
  68.1000000       9.64121e-18       9.64121e-18
  68.2000000       9.29944e-18       9.29944e-18
  68.3000000       8.87119e-18       8.87119e-18
  68.4000000       1.31308e-17       1.31308e-17
  68.5000000       8.56550e-18       8.56550e-18
  68.6000000       1.36736e-17       1.36736e-17
  68.7000000       1.03442e-17       1.03442e-17
  68.8000000       1.00077e-17       1.00077e-17
  68.9000000       9.82469e-18       9.82469e-18
  69.0000000       9.64173e-18       9.64173e-18
  69.1000000       9.45877e-18       9.45877e-18
  69.2000000       9.27581e-18       9.27581e-18
  69.3000000       9.09285e-18       9.09285e-18
  69.4000000       8.87026e-18       8.87026e-18
  69.5000000       8.33540e-18       8.33540e-18
  69.6000000       1.63251e-17       1.63251e-17
  69.7000000       9.62251e-18       9.62251e-18
  69.8000000       8.27173e-18       8.27173e-18
  69.9000000       1.33373e-17       1.33373e-17
  70.0000000       1.24834e-17       1.24834e-17
  70.1000000       1.08258e-17       1.08258e-17
  70.2000000       1.03443e-17       1.03443e-17
  70.3000000       1.01252e-17       1.01252e-17
  70.4000000       1.00552e-17       1.00552e-17
  70.5000000       9.98525e-18       9.98525e-18
  70.6000000       9.91527e-18       9.91527e-18
  70.7000000       9.84529e-18       9.84529e-18
  70.8000000       9.77531e-18       9.77531e-18
  70.9000000       9.70533e-18       9.70533e-18
  71.0000000       9.63535e-18       9.63535e-18
  71.1000000       9.56537e-18       9.56537e-18
  71.2000000       9.49538e-18       9.49538e-18
  71.3000000       9.42540e-18       9.42540e-18
  71.4000000       9.35542e-18       9.35542e-18
  71.5000000       9.28533e-18       9.28533e-18
  71.6000000       9.18610e-18       9.18610e-18
  71.7000000       9.06415e-18       9.06415e-18
  71.8000000       8.94221e-18       8.94221e-18
  71.9000000       8.82026e-18       8.82026e-18
  72.0000000       8.69831e-18       8.69831e-18
  72.1000000       8.57637e-18       8.57637e-18
  72.2000000       9.87523e-18       9.87523e-18
  72.3000000       2.76631e-17       2.76631e-17
  72.4000000       1.07901e-17       1.07901e-17
  72.5000000       9.68648e-18       9.68648e-18
  72.6000000       9.26399e-18       9.26399e-18
  72.7000000       8.84149e-18       8.84149e-18
  72.8000000       8.41900e-18       8.41900e-18
  72.9000000       7.87024e-18       7.87024e-18
  73.0000000       7.06193e-18       7.06193e-18
  73.1000000       9.69598e-18       9.69598e-18
  73.2000000       1.71648e-17       1.71648e-17
  73.3000000       1.40873e-17       1.40873e-17
  73.4000000       1.24194e-17       1.24194e-17
  73.5000000       1.17829e-17       1.17829e-17
  73.6000000       9.57405e-18       9.57405e-18
  73.7000000       4.09389e-18       4.09389e-18
  73.8000000       5.26241e-18       5.26241e-18
  73.9000000       4.48984e-18       4.48984e-18
  74.0000000       5.82264e-18       5.82264e-18
  74.1000000       3.89364e-18       3.89364e-18
  74.2000000       8.34331e-18       8.34331e-18
  74.3000000       3.68742e-18       3.68742e-18
  74.4000000       3.69608e-18       3.69608e-18
  74.5000000       3.99884e-18       3.99884e-18
  74.6000000       4.44261e-18       4.44261e-18
  74.7000000       1.21119e-17       1.21119e-17
  74.8000000       4.03597e-18       4.03597e-18
  74.9000000       3.59286e-18       3.59286e-18
  75.0000000       3.80360e-18       3.80360e-18
  75.1000000       3.97471e-18       3.97471e-18
  75.2000000       4.16251e-18       4.16251e-18
  75.3000000       4.45081e-18       4.45081e-18
  75.4000000       6.59267e-18       6.59267e-18
  75.5000000       4.55172e-17       4.55172e-17
  75.6000000       4.94495e-18       4.94495e-18
  75.7000000       2.79174e-18       2.79174e-18
  75.8000000       3.58937e-18       3.58937e-18
  75.9000000       3.72254e-18       3.72254e-18
  76.0000000       3.80975e-18       3.80975e-18
  76.1000000       3.89695e-18       3.89695e-18
  76.2000000       3.98416e-18       3.98416e-18
  76.3000000       4.07144e-18       4.07144e-18
  76.4000000       4.18323e-18       4.18323e-18
  76.5000000       4.31472e-18       4.31472e-18
  76.6000000       4.44620e-18       4.44620e-18
  76.7000000       4.64455e-18       4.64455e-18
  76.8000000       5.39361e-18       5.39361e-18
  76.9000000       1.31473e-17       1.31473e-17
  77.0000000       3.00021e-18       3.00021e-18
  77.1000000       3.75997e-18       3.75997e-18
  77.2000000       4.44995e-18       4.44995e-18
  77.3000000       6.14084e-18       6.14084e-18
  77.4000000       2.99223e-18       2.99223e-18
  77.5000000       3.43192e-18       3.43192e-18
  77.6000000       3.60592e-18       3.60592e-18
  77.7000000       3.69416e-18       3.69416e-18
  77.8000000       3.73063e-18       3.73063e-18
  77.9000000       3.76709e-18       3.76709e-18
  78.0000000       3.80356e-18       3.80356e-18
  78.1000000       3.84003e-18       3.84003e-18
  78.2000000       3.87650e-18       3.87650e-18
  78.3000000       3.91297e-18       3.91297e-18
  78.4000000       3.94943e-18       3.94943e-18
  78.5000000       3.98590e-18       3.98590e-18
  78.6000000       4.02237e-18       4.02237e-18
  78.7000000       4.05884e-18       4.05884e-18
  78.8000000       4.09531e-18       4.09531e-18
  78.9000000       4.13177e-18       4.13177e-18
  79.0000000       4.16824e-18       4.16824e-18
  79.1000000       4.20471e-18       4.20471e-18
  79.2000000       4.24118e-18       4.24118e-18
  79.3000000       4.27765e-18       4.27765e-18
  79.4000000       4.31412e-18       4.31412e-18
  79.5000000       4.35058e-18       4.35058e-18
  79.6000000       4.38705e-18       4.38705e-18
  79.7000000       4.47843e-18       4.47843e-18
  79.8000000       4.63568e-18       4.63568e-18
  79.9000000       4.79376e-18       4.79376e-18
  80.0000000       5.15389e-18       5.15389e-18
  80.1000000       6.50293e-18       6.50293e-18
  80.2000000       9.64043e-18       9.64043e-18
  80.3000000       1.71260e-18       1.71260e-18
  80.4000000       3.07184e-18       3.07184e-18
  80.5000000       3.47007e-18       3.47007e-18
  80.6000000       3.67624e-18       3.67624e-18
  80.7000000       3.82979e-18       3.82979e-18
  80.8000000       3.98334e-18       3.98334e-18
  80.9000000       4.13777e-18       4.13777e-18
  81.0000000       4.37242e-18       4.37242e-18
  81.1000000       4.67266e-18       4.67266e-18
  81.2000000       5.50601e-18       5.50601e-18
  81.3000000       1.37758e-17       1.37758e-17
  81.4000000       3.21380e-18       3.21380e-18
  81.5000000       2.62736e-18       2.62736e-18
  81.6000000       3.05791e-18       3.05791e-18
  81.7000000       3.28518e-18       3.28518e-18
  81.8000000       3.39107e-18       3.39107e-18
  81.9000000       3.49594e-18       3.49594e-18
  82.0000000       3.55753e-18       3.55753e-18
  82.1000000       3.57958e-18       3.57958e-18
  82.2000000       3.60163e-18       3.60163e-18
  82.3000000       3.62368e-18       3.62368e-18
  82.4000000       3.64573e-18       3.64573e-18
  82.5000000       3.66778e-18       3.66778e-18
  82.6000000       3.68983e-18       3.68983e-18
  82.7000000       3.71188e-18       3.71188e-18
  82.8000000       3.73393e-18       3.73393e-18
  82.9000000       3.75598e-18       3.75598e-18
  83.0000000       3.77803e-18       3.77803e-18
  83.1000000       3.80008e-18       3.80008e-18
  83.2000000       3.81558e-18       3.81558e-18
  83.3000000       3.81650e-18       3.81650e-18
  83.4000000       3.81690e-18       3.81690e-18
  83.5000000       3.81729e-18       3.81729e-18
  83.6000000       3.81768e-18       3.81768e-18
  83.7000000       3.81808e-18       3.81808e-18
  83.8000000       3.81847e-18       3.81847e-18
  83.9000000       3.81887e-18       3.81887e-18
  84.0000000       3.81926e-18       3.81926e-18
  84.1000000       3.81965e-18       3.81965e-18
  84.2000000       3.82005e-18       3.82005e-18
  84.3000000       3.82044e-18       3.82044e-18
  84.4000000       3.82084e-18       3.82084e-18
  84.5000000       3.82123e-18       3.82123e-18
  84.6000000       3.82162e-18       3.82162e-18
  84.7000000       3.82202e-18       3.82202e-18
  84.8000000       3.82241e-18       3.82241e-18
  84.9000000       3.82280e-18       3.82280e-18
  85.0000000       3.82320e-18       3.82320e-18
  85.1000000       3.82359e-18       3.82359e-18
  85.2000000       3.82399e-18       3.82399e-18
  85.3000000       3.82438e-18       3.82438e-18
  85.4000000       3.82477e-18       3.82477e-18
  85.5000000       3.82517e-18       3.82517e-18
  85.6000000       3.82556e-18       3.82556e-18
  85.7000000       3.82595e-18       3.82595e-18
  85.8000000       3.82635e-18       3.82635e-18
  85.9000000       3.82674e-18       3.82674e-18
  86.0000000       3.82714e-18       3.82714e-18
  86.1000000       3.82753e-18       3.82753e-18
  86.2000000       3.82792e-18       3.82792e-18
  86.3000000       3.82832e-18       3.82832e-18
  86.4000000       3.82871e-18       3.82871e-18
  86.5000000       3.82911e-18       3.82911e-18
  86.6000000       3.82950e-18       3.82950e-18
  86.7000000       3.82989e-18       3.82989e-18
  86.8000000       3.83029e-18       3.83029e-18
  86.9000000       3.83068e-18       3.83068e-18
  87.0000000       3.83107e-18       3.83107e-18
  87.1000000       3.83147e-18       3.83147e-18
  87.2000000       3.83186e-18       3.83186e-18
  87.3000000       3.83226e-18       3.83226e-18
  87.4000000       3.83265e-18       3.83265e-18
  87.5000000       3.83304e-18       3.83304e-18
  87.6000000       3.83344e-18       3.83344e-18
  87.7000000       3.83383e-18       3.83383e-18
  87.8000000       3.83422e-18       3.83422e-18
  87.9000000       3.83462e-18       3.83462e-18
  88.0000000       3.83501e-18       3.83501e-18
  88.1000000       3.83541e-18       3.83541e-18
  88.2000000       3.83580e-18       3.83580e-18
  88.3000000       3.83619e-18       3.83619e-18
  88.4000000       3.83659e-18       3.83659e-18
  88.5000000       3.83698e-18       3.83698e-18
  88.6000000       3.83738e-18       3.83738e-18
  88.7000000       3.83777e-18       3.83777e-18
  88.8000000       3.83816e-18       3.83816e-18
  88.9000000       3.83856e-18       3.83856e-18
  89.0000000       3.83895e-18       3.83895e-18
  89.1000000       3.83934e-18       3.83934e-18
  89.2000000       3.83974e-18       3.83974e-18
  89.3000000       3.84013e-18       3.84013e-18
  89.4000000       3.84053e-18       3.84053e-18
  89.5000000       3.84092e-18       3.84092e-18
  89.6000000       3.84131e-18       3.84131e-18
  89.7000000       3.84171e-18       3.84171e-18
  89.8000000       3.84210e-18       3.84210e-18
  89.9000000       3.84249e-18       3.84249e-18
  90.0000000       3.84289e-18       3.84289e-18
  90.1000000       3.84328e-18       3.84328e-18
  90.2000000       3.84368e-18       3.84368e-18
  90.3000000       3.84407e-18       3.84407e-18
  90.4000000       3.84446e-18       3.84446e-18
  90.5000000       3.84486e-18       3.84486e-18
  90.6000000       3.84525e-18       3.84525e-18
  90.7000000       3.84565e-18       3.84565e-18
  90.8000000       3.84604e-18       3.84604e-18
  90.9000000       3.84643e-18       3.84643e-18
  91.0000000       3.84673e-18       3.84673e-18
