# Cross sections for NH+
# Converted from earlier Leiden database cross sections by Alan Heays 2016-02-24
# Photodissociation source: NH+ P.D. CF. van Dishoeck (unpub)
# Lines represented with gaussian of width 1.0 nm FWHM
# wavelength: (nm)
# photoabsorption:    cross section (cm2)
# photodissociation:  cross section (cm2)
# 
# wavelength   photoabsorption photodissociation
  91.3000000       1.97159e-18       1.97159e-18
  91.4000000       1.95455e-18       1.95455e-18
  91.5000000       1.93182e-18       1.93182e-18
  91.6000000       1.90909e-18       1.90909e-18
  91.7000000       1.88636e-18       1.88636e-18
  91.8000000       1.86364e-18       1.86364e-18
  91.9000000       1.84091e-18       1.84091e-18
  92.0000000       1.81818e-18       1.81818e-18
  92.1000000       1.80014e-18       1.80014e-18
  92.2000000       1.79568e-18       1.79568e-18
  92.3000000       1.79209e-18       1.79209e-18
  92.4000000       1.78849e-18       1.78849e-18
  92.5000000       1.78489e-18       1.78489e-18
  92.6000000       1.78129e-18       1.78129e-18
  92.7000000       1.77770e-18       1.77770e-18
  92.8000000       1.77410e-18       1.77410e-18
  92.9000000       1.77050e-18       1.77050e-18
  93.0000000       1.76691e-18       1.76691e-18
  93.1000000       1.76331e-18       1.76331e-18
  93.2000000       1.75971e-18       1.75971e-18
  93.3000000       1.75612e-18       1.75612e-18
  93.4000000       1.75252e-18       1.75252e-18
  93.5000000       1.74783e-18       1.74783e-18
  93.6000000       1.74091e-18       1.74091e-18
  93.7000000       1.73392e-18       1.73392e-18
  93.8000000       1.72692e-18       1.72692e-18
  93.9000000       1.71993e-18       1.71993e-18
  94.0000000       1.71294e-18       1.71294e-18
  94.1000000       1.70594e-18       1.70594e-18
  94.2000000       1.69895e-18       1.69895e-18
  94.3000000       1.69196e-18       1.69196e-18
  94.4000000       1.68497e-18       1.68497e-18
  94.5000000       1.67797e-18       1.67797e-18
  94.6000000       1.67098e-18       1.67098e-18
  94.7000000       1.66399e-18       1.66399e-18
  94.8000000       1.65699e-18       1.65699e-18
  94.9000000       1.64986e-18       1.64986e-18
  95.0000000       1.64189e-18       1.64189e-18
  95.1000000       1.63378e-18       1.63378e-18
  95.2000000       1.62568e-18       1.62568e-18
  95.3000000       1.61757e-18       1.61757e-18
  95.4000000       1.60946e-18       1.60946e-18
  95.5000000       1.60135e-18       1.60135e-18
  95.6000000       1.59324e-18       1.59324e-18
  95.7000000       1.58514e-18       1.58514e-18
  95.8000000       1.57703e-18       1.57703e-18
  95.9000000       1.56892e-18       1.56892e-18
  96.0000000       1.56081e-18       1.56081e-18
  96.1000000       1.55270e-18       1.55270e-18
  96.2000000       1.54459e-18       1.54459e-18
  96.3000000       1.53649e-18       1.53649e-18
  96.4000000       1.52811e-18       1.52811e-18
  96.5000000       1.51895e-18       1.51895e-18
  96.6000000       1.50974e-18       1.50974e-18
  96.7000000       1.50053e-18       1.50053e-18
  96.8000000       1.49132e-18       1.49132e-18
  96.9000000       1.48211e-18       1.48211e-18
  97.0000000       1.47289e-18       1.47289e-18
  97.1000000       1.46368e-18       1.46368e-18
  97.2000000       1.45447e-18       1.45447e-18
  97.3000000       1.44526e-18       1.44526e-18
  97.4000000       1.43605e-18       1.43605e-18
  97.5000000       1.42684e-18       1.42684e-18
  97.6000000       1.41763e-18       1.41763e-18
  97.7000000       1.40842e-18       1.40842e-18
  97.8000000       1.39921e-18       1.39921e-18
  97.9000000       1.38996e-18       1.38996e-18
  98.0000000       1.38045e-18       1.38045e-18
  98.1000000       1.37089e-18       1.37089e-18
  98.2000000       1.36134e-18       1.36134e-18
  98.3000000       1.35178e-18       1.35178e-18
  98.4000000       1.34223e-18       1.34223e-18
  98.5000000       1.33268e-18       1.33268e-18
  98.6000000       1.32312e-18       1.32312e-18
  98.7000000       1.31357e-18       1.31357e-18
  98.8000000       1.30401e-18       1.30401e-18
  98.9000000       1.29446e-18       1.29446e-18
  99.0000000       1.28490e-18       1.28490e-18
  99.1000000       1.27535e-18       1.27535e-18
  99.2000000       1.26580e-18       1.26580e-18
  99.3000000       1.25624e-18       1.25624e-18
  99.4000000       1.24669e-18       1.24669e-18
  99.5000000       1.23744e-18       1.23744e-18
  99.6000000       1.22883e-18       1.22883e-18
  99.7000000       1.22025e-18       1.22025e-18
  99.8000000       1.21166e-18       1.21166e-18
  99.9000000       1.20307e-18       1.20307e-18
 100.0000000       1.19448e-18       1.19448e-18
 100.1000000       1.18589e-18       1.18589e-18
 100.2000000       1.17730e-18       1.17730e-18
 100.3000000       1.16871e-18       1.16871e-18
 100.4000000       1.16012e-18       1.16012e-18
 100.5000000       1.15153e-18       1.15153e-18
 100.6000000       1.14294e-18       1.14294e-18
 100.7000000       1.13436e-18       1.13436e-18
 100.8000000       1.12577e-18       1.12577e-18
 100.9000000       1.11718e-18       1.11718e-18
 101.0000000       1.10859e-18       1.10859e-18
 101.1000000       1.09997e-18       1.09997e-18
 101.2000000       1.09118e-18       1.09118e-18
 101.3000000       1.08235e-18       1.08235e-18
 101.4000000       1.07353e-18       1.07353e-18
 101.5000000       1.06471e-18       1.06471e-18
 101.6000000       1.05588e-18       1.05588e-18
 101.7000000       1.04706e-18       1.04706e-18
 101.8000000       1.03824e-18       1.03824e-18
 101.9000000       1.02941e-18       1.02941e-18
 102.0000000       1.02059e-18       1.02059e-18
 102.1000000       1.01176e-18       1.01176e-18
 102.2000000       1.00294e-18       1.00294e-18
 102.3000000       9.94118e-19       9.94118e-19
 102.4000000       9.85294e-19       9.85294e-19
 102.5000000       9.76471e-19       9.76471e-19
 102.6000000       9.67647e-19       9.67647e-19
 102.7000000       9.58824e-19       9.58824e-19
 102.8000000       9.50051e-19       9.50051e-19
 102.9000000       9.41588e-19       9.41588e-19
 103.0000000       9.33176e-19       9.33176e-19
 103.1000000       9.24765e-19       9.24765e-19
 103.2000000       9.16353e-19       9.16353e-19
 103.3000000       9.07941e-19       9.07941e-19
 103.4000000       8.99529e-19       8.99529e-19
 103.5000000       8.91118e-19       8.91118e-19
 103.6000000       8.82706e-19       8.82706e-19
 103.7000000       8.74294e-19       8.74294e-19
 103.8000000       8.65882e-19       8.65882e-19
 103.9000000       8.57471e-19       8.57471e-19
 104.0000000       8.49059e-19       8.49059e-19
 104.1000000       8.40647e-19       8.40647e-19
 104.2000000       8.32235e-19       8.32235e-19
 104.3000000       8.23824e-19       8.23824e-19
 104.4000000       8.15412e-19       8.15412e-19
 104.5000000       8.07079e-19       8.07079e-19
 104.6000000       7.99222e-19       7.99222e-19
 104.7000000       7.91444e-19       7.91444e-19
 104.8000000       7.83667e-19       7.83667e-19
 104.9000000       7.75889e-19       7.75889e-19
 105.0000000       7.68111e-19       7.68111e-19
 105.1000000       7.60333e-19       7.60333e-19
 105.2000000       7.52556e-19       7.52556e-19
 105.3000000       7.44778e-19       7.44778e-19
 105.4000000       7.37000e-19       7.37000e-19
 105.5000000       7.29222e-19       7.29222e-19
 105.6000000       7.21444e-19       7.21444e-19
 105.7000000       7.13667e-19       7.13667e-19
 105.8000000       7.05889e-19       7.05889e-19
 105.9000000       6.98111e-19       6.98111e-19
 106.0000000       6.90333e-19       6.90333e-19
 106.1000000       6.82556e-19       6.82556e-19
 106.2000000       6.74778e-19       6.74778e-19
 106.3000000       6.67021e-19       6.67021e-19
 106.4000000       6.59389e-19       6.59389e-19
 106.5000000       6.51778e-19       6.51778e-19
 106.6000000       6.44167e-19       6.44167e-19
 106.7000000       6.36556e-19       6.36556e-19
 106.8000000       6.28944e-19       6.28944e-19
 106.9000000       6.21333e-19       6.21333e-19
 107.0000000       6.13722e-19       6.13722e-19
 107.1000000       6.06111e-19       6.06111e-19
 107.2000000       5.98500e-19       5.98500e-19
 107.3000000       5.90889e-19       5.90889e-19
 107.4000000       5.83278e-19       5.83278e-19
 107.5000000       5.75667e-19       5.75667e-19
 107.6000000       5.68056e-19       5.68056e-19
 107.7000000       5.60444e-19       5.60444e-19
 107.8000000       5.52833e-19       5.52833e-19
 107.9000000       5.45222e-19       5.45222e-19
 108.0000000       5.37611e-19       5.37611e-19
 108.1000000       5.30164e-19       5.30164e-19
 108.2000000       5.23700e-19       5.23700e-19
 108.3000000       5.17400e-19       5.17400e-19
 108.4000000       5.11100e-19       5.11100e-19
 108.5000000       5.04800e-19       5.04800e-19
 108.6000000       4.98500e-19       4.98500e-19
 108.7000000       4.92200e-19       4.92200e-19
 108.8000000       4.85900e-19       4.85900e-19
 108.9000000       4.79600e-19       4.79600e-19
 109.0000000       4.73300e-19       4.73300e-19
 109.1000000       4.67000e-19       4.67000e-19
 109.2000000       4.60700e-19       4.60700e-19
 109.3000000       4.54400e-19       4.54400e-19
 109.4000000       4.48100e-19       4.48100e-19
 109.5000000       4.41800e-19       4.41800e-19
 109.6000000       4.35500e-19       4.35500e-19
 109.7000000       4.29200e-19       4.29200e-19
 109.8000000       4.22900e-19       4.22900e-19
 109.9000000       4.16600e-19       4.16600e-19
 110.0000000       4.10300e-19       4.10300e-19
 110.1000000       4.04138e-19       4.04138e-19
 110.2000000       3.98800e-19       3.98800e-19
 110.3000000       3.93600e-19       3.93600e-19
 110.4000000       3.88400e-19       3.88400e-19
 110.5000000       3.83200e-19       3.83200e-19
 110.6000000       3.78000e-19       3.78000e-19
 110.7000000       3.72800e-19       3.72800e-19
 110.8000000       3.67600e-19       3.67600e-19
 110.9000000       3.62400e-19       3.62400e-19
 111.0000000       3.57200e-19       3.57200e-19
 111.1000000       3.52000e-19       3.52000e-19
 111.2000000       3.46800e-19       3.46800e-19
 111.3000000       3.41600e-19       3.41600e-19
 111.4000000       3.36400e-19       3.36400e-19
 111.5000000       3.31200e-19       3.31200e-19
 111.6000000       3.26000e-19       3.26000e-19
 111.7000000       3.20800e-19       3.20800e-19
 111.8000000       3.15600e-19       3.15600e-19
 111.9000000       3.10400e-19       3.10400e-19
 112.0000000       3.05200e-19       3.05200e-19
 112.1000000       3.00100e-19       3.00100e-19
 112.2000000       2.95600e-19       2.95600e-19
 112.3000000       2.91200e-19       2.91200e-19
 112.4000000       2.86800e-19       2.86800e-19
 112.5000000       2.82400e-19       2.82400e-19
 112.6000000       2.78000e-19       2.78000e-19
 112.7000000       2.73600e-19       2.73600e-19
 112.8000000       2.69200e-19       2.69200e-19
 112.9000000       2.64800e-19       2.64800e-19
 113.0000000       2.60400e-19       2.60400e-19
 113.1000000       2.56000e-19       2.56000e-19
 113.2000000       2.51600e-19       2.51600e-19
 113.3000000       2.47200e-19       2.47200e-19
 113.4000000       2.42800e-19       2.42800e-19
 113.5000000       2.38400e-19       2.38400e-19
 113.6000000       2.34000e-19       2.34000e-19
 113.7000000       2.29600e-19       2.29600e-19
 113.8000000       2.25200e-19       2.25200e-19
 113.9000000       2.20800e-19       2.20800e-19
 114.0000000       2.16400e-19       2.16400e-19
 114.1000000       2.12164e-19       2.12164e-19
 114.2000000       2.08909e-19       2.08909e-19
 114.3000000       2.05818e-19       2.05818e-19
 114.4000000       2.02727e-19       2.02727e-19
 114.5000000       1.99636e-19       1.99636e-19
 114.6000000       1.96545e-19       1.96545e-19
 114.7000000       1.93455e-19       1.93455e-19
 114.8000000       1.90364e-19       1.90364e-19
 114.9000000       1.87273e-19       1.87273e-19
 115.0000000       1.84182e-19       1.84182e-19
 115.1000000       1.81091e-19       1.81091e-19
 115.2000000       1.78000e-19       1.78000e-19
 115.3000000       1.74909e-19       1.74909e-19
 115.4000000       1.71818e-19       1.71818e-19
 115.5000000       1.68727e-19       1.68727e-19
 115.6000000       1.65636e-19       1.65636e-19
 115.7000000       1.62545e-19       1.62545e-19
 115.8000000       1.59455e-19       1.59455e-19
 115.9000000       1.56364e-19       1.56364e-19
 116.0000000       1.53273e-19       1.53273e-19
 116.1000000       1.50182e-19       1.50182e-19
 116.2000000       1.47091e-19       1.47091e-19
 116.3000000       1.44097e-19       1.44097e-19
 116.4000000       1.41682e-19       1.41682e-19
 116.5000000       1.39364e-19       1.39364e-19
 116.6000000       1.37045e-19       1.37045e-19
 116.7000000       1.34727e-19       1.34727e-19
 116.8000000       1.32409e-19       1.32409e-19
 116.9000000       1.30091e-19       1.30091e-19
 117.0000000       1.27773e-19       1.27773e-19
 117.1000000       1.25455e-19       1.25455e-19
 117.2000000       1.23136e-19       1.23136e-19
 117.3000000       1.20818e-19       1.20818e-19
 117.4000000       1.18500e-19       1.18500e-19
 117.5000000       1.16182e-19       1.16182e-19
 117.6000000       1.13864e-19       1.13864e-19
 117.7000000       1.11545e-19       1.11545e-19
 117.8000000       1.09227e-19       1.09227e-19
 117.9000000       1.06909e-19       1.06909e-19
 118.0000000       1.04591e-19       1.04591e-19
 118.1000000       1.02273e-19       1.02273e-19
 118.2000000       9.99545e-20       9.99545e-20
 118.3000000       9.76364e-20       9.76364e-20
 118.4000000       9.53182e-20       9.53182e-20
 118.5000000       9.30941e-20       9.30941e-20
 118.6000000       9.14348e-20       9.14348e-20
 118.7000000       8.98696e-20       8.98696e-20
 118.8000000       8.83043e-20       8.83043e-20
 118.9000000       8.67391e-20       8.67391e-20
 119.0000000       8.51739e-20       8.51739e-20
 119.1000000       8.36087e-20       8.36087e-20
 119.2000000       8.20435e-20       8.20435e-20
 119.3000000       8.04783e-20       8.04783e-20
 119.4000000       7.89130e-20       7.89130e-20
 119.5000000       7.73478e-20       7.73478e-20
 119.6000000       7.57826e-20       7.57826e-20
 119.7000000       7.42174e-20       7.42174e-20
 119.8000000       7.26522e-20       7.26522e-20
 119.9000000       7.10870e-20       7.10870e-20
 120.0000000       6.95217e-20       6.95217e-20
 120.1000000       6.79565e-20       6.79565e-20
 120.2000000       6.63913e-20       6.63913e-20
 120.3000000       6.48261e-20       6.48261e-20
 120.4000000       6.32609e-20       6.32609e-20
 120.5000000       6.16957e-20       6.16957e-20
 120.6000000       6.01304e-20       6.01304e-20
 120.7000000       5.85652e-20       5.85652e-20
 120.8000000       5.70290e-20       5.70290e-20
 120.9000000       5.56667e-20       5.56667e-20
 121.0000000       5.43333e-20       5.43333e-20
 121.1000000       5.30000e-20       5.30000e-20
 121.2000000       5.16667e-20       5.16667e-20
 121.3000000       5.03333e-20       5.03333e-20
 121.4000000       4.90000e-20       4.90000e-20
 121.5000000       4.76667e-20       4.76667e-20
 121.6000000       4.63333e-20       4.63333e-20
 121.7000000       4.50000e-20       4.50000e-20
 121.8000000       4.36667e-20       4.36667e-20
 121.9000000       4.23333e-20       4.23333e-20
 122.0000000       4.10000e-20       4.10000e-20
 122.1000000       3.96667e-20       3.96667e-20
 122.2000000       3.83333e-20       3.83333e-20
 122.3000000       3.70000e-20       3.70000e-20
 122.4000000       3.56667e-20       3.56667e-20
 122.5000000       3.43333e-20       3.43333e-20
 122.6000000       3.30000e-20       3.30000e-20
 122.7000000       3.16667e-20       3.16667e-20
 122.8000000       3.03333e-20       3.03333e-20
 122.9000000       2.90000e-20       2.90000e-20
 123.0000000       2.76667e-20       2.76667e-20
 123.1000000       2.63333e-20       2.63333e-20
 123.2000000       2.50000e-20       2.50000e-20
 123.3000000       2.36667e-20       2.36667e-20
 123.4000000       2.23333e-20       2.23333e-20
 123.5000000       2.10000e-20       2.10000e-20
 123.6000000       1.96667e-20       1.96667e-20
 123.7000000       1.83333e-20       1.83333e-20
 123.8000000       1.70000e-20       1.70000e-20
 123.9000000       1.56667e-20       1.56667e-20
 124.0000000       1.43333e-20       1.43333e-20
 124.1000000       1.30000e-20       1.30000e-20
 124.2000000       1.16667e-20       1.16667e-20
 124.3000000       1.03333e-20       1.03333e-20
 124.4000000       9.00000e-21       9.00000e-21
 124.5000000       7.66667e-21       7.66667e-21
 124.6000000       6.33333e-21       6.33333e-21
 124.7000000       5.00000e-21       5.00000e-21
 124.8000000       3.66667e-21       3.66667e-21
 124.9000000       2.33333e-21       2.33333e-21
 125.0000000       1.17311e-21       1.17311e-21
 125.1000000       1.05158e-21       1.05158e-21
 125.2000000       1.10316e-21       1.10316e-21
 125.3000000       1.15474e-21       1.15474e-21
 125.4000000       1.20632e-21       1.20632e-21
 125.5000000       1.25789e-21       1.25789e-21
 125.6000000       1.30947e-21       1.30947e-21
 125.7000000       1.36105e-21       1.36105e-21
 125.8000000       1.41263e-21       1.41263e-21
 125.9000000       1.46421e-21       1.46421e-21
 126.0000000       1.51579e-21       1.51579e-21
 126.1000000       1.56737e-21       1.56737e-21
 126.2000000       1.61895e-21       1.61895e-21
 126.3000000       1.67053e-21       1.67053e-21
 126.4000000       1.72211e-21       1.72211e-21
 126.5000000       1.77368e-21       1.77368e-21
 126.6000000       1.82526e-21       1.82526e-21
 126.7000000       1.87684e-21       1.87684e-21
 126.8000000       1.92842e-21       1.92842e-21
 126.9000000       1.98000e-21       1.98000e-21
 127.0000000       2.03158e-21       2.03158e-21
 127.1000000       2.08316e-21       2.08316e-21
 127.2000000       2.13474e-21       2.13474e-21
 127.3000000       2.18632e-21       2.18632e-21
 127.4000000       2.23789e-21       2.23789e-21
 127.5000000       2.28947e-21       2.28947e-21
 127.6000000       2.34105e-21       2.34105e-21
 127.7000000       2.39263e-21       2.39263e-21
 127.8000000       2.44421e-21       2.44421e-21
 127.9000000       2.49579e-21       2.49579e-21
 128.0000000       2.54737e-21       2.54737e-21
 128.1000000       2.59895e-21       2.59895e-21
 128.2000000       2.65053e-21       2.65053e-21
 128.3000000       2.70211e-21       2.70211e-21
 128.4000000       2.75368e-21       2.75368e-21
 128.5000000       2.80526e-21       2.80526e-21
 128.6000000       2.85684e-21       2.85684e-21
 128.7000000       2.90842e-21       2.90842e-21
 128.8000000       2.96000e-21       2.96000e-21
 128.9000000       3.01158e-21       3.01158e-21
 129.0000000       3.06316e-21       3.06316e-21
 129.1000000       3.11474e-21       3.11474e-21
 129.2000000       3.16632e-21       3.16632e-21
 129.3000000       3.21789e-21       3.21789e-21
 129.4000000       3.26947e-21       3.26947e-21
 129.5000000       3.32105e-21       3.32105e-21
 129.6000000       3.37263e-21       3.37263e-21
 129.7000000       3.42421e-21       3.42421e-21
 129.8000000       3.47579e-21       3.47579e-21
 129.9000000       3.52737e-21       3.52737e-21
 130.0000000       3.57895e-21       3.57895e-21
 130.1000000       3.63053e-21       3.63053e-21
 130.2000000       3.68211e-21       3.68211e-21
 130.3000000       3.73368e-21       3.73368e-21
 130.4000000       3.78526e-21       3.78526e-21
 130.5000000       3.83684e-21       3.83684e-21
 130.6000000       3.88842e-21       3.88842e-21
 130.7000000       3.94000e-21       3.94000e-21
 130.8000000       3.99158e-21       3.99158e-21
 130.9000000       4.04316e-21       4.04316e-21
 131.0000000       4.09474e-21       4.09474e-21
 131.1000000       4.14632e-21       4.14632e-21
 131.2000000       4.19789e-21       4.19789e-21
 131.3000000       4.24947e-21       4.24947e-21
 131.4000000       4.30105e-21       4.30105e-21
 131.5000000       4.35263e-21       4.35263e-21
 131.6000000       4.40421e-21       4.40421e-21
 131.7000000       4.45579e-21       4.45579e-21
 131.8000000       4.50737e-21       4.50737e-21
 131.9000000       4.55895e-21       4.55895e-21
 132.0000000       4.61053e-21       4.61053e-21
 132.1000000       4.66211e-21       4.66211e-21
 132.2000000       4.71368e-21       4.71368e-21
 132.3000000       4.76526e-21       4.76526e-21
 132.4000000       4.81684e-21       4.81684e-21
 132.5000000       4.86842e-21       4.86842e-21
 132.6000000       4.92000e-21       4.92000e-21
 132.7000000       4.97158e-21       4.97158e-21
 132.8000000       5.02316e-21       5.02316e-21
 132.9000000       5.07474e-21       5.07474e-21
 133.0000000       5.12632e-21       5.12632e-21
 133.1000000       5.17789e-21       5.17789e-21
 133.2000000       5.22947e-21       5.22947e-21
 133.3000000       5.28105e-21       5.28105e-21
 133.4000000       5.33263e-21       5.33263e-21
 133.5000000       5.38421e-21       5.38421e-21
 133.6000000       5.43579e-21       5.43579e-21
 133.7000000       5.48737e-21       5.48737e-21
 133.8000000       5.53895e-21       5.53895e-21
 133.9000000       5.59053e-21       5.59053e-21
 134.0000000       5.64211e-21       5.64211e-21
 134.1000000       5.69368e-21       5.69368e-21
 134.2000000       5.74526e-21       5.74526e-21
 134.3000000       5.79684e-21       5.79684e-21
 134.4000000       5.84842e-21       5.84842e-21
 134.5000000       5.91314e-21       5.91314e-21
 134.6000000       6.05667e-21       6.05667e-21
 134.7000000       6.21333e-21       6.21333e-21
 134.8000000       6.37000e-21       6.37000e-21
 134.9000000       6.52667e-21       6.52667e-21
 135.0000000       6.68333e-21       6.68333e-21
 135.1000000       6.84000e-21       6.84000e-21
 135.2000000       6.99667e-21       6.99667e-21
 135.3000000       7.15333e-21       7.15333e-21
 135.4000000       7.31000e-21       7.31000e-21
 135.5000000       7.46667e-21       7.46667e-21
 135.6000000       7.62333e-21       7.62333e-21
 135.7000000       7.78000e-21       7.78000e-21
 135.8000000       7.93667e-21       7.93667e-21
 135.9000000       8.09333e-21       8.09333e-21
 136.0000000       8.25000e-21       8.25000e-21
 136.1000000       8.40667e-21       8.40667e-21
 136.2000000       8.56333e-21       8.56333e-21
 136.3000000       8.72000e-21       8.72000e-21
 136.4000000       8.87667e-21       8.87667e-21
 136.5000000       9.03333e-21       9.03333e-21
 136.6000000       9.19000e-21       9.19000e-21
 136.7000000       9.34667e-21       9.34667e-21
 136.8000000       9.50333e-21       9.50333e-21
 136.9000000       9.66000e-21       9.66000e-21
 137.0000000       9.81667e-21       9.81667e-21
 137.1000000       9.97333e-21       9.97333e-21
 137.2000000       1.01300e-20       1.01300e-20
 137.3000000       1.02867e-20       1.02867e-20
 137.4000000       1.04433e-20       1.04433e-20
 137.5000000       1.06071e-20       1.06071e-20
 137.6000000       1.08136e-20       1.08136e-20
 137.7000000       1.10272e-20       1.10272e-20
 137.8000000       1.12407e-20       1.12407e-20
 137.9000000       1.14543e-20       1.14543e-20
 138.0000000       1.16679e-20       1.16679e-20
 138.1000000       1.18815e-20       1.18815e-20
 138.2000000       1.20951e-20       1.20951e-20
 138.3000000       1.23086e-20       1.23086e-20
 138.4000000       1.25222e-20       1.25222e-20
 138.5000000       1.27358e-20       1.27358e-20
 138.6000000       1.29494e-20       1.29494e-20
 138.7000000       1.31630e-20       1.31630e-20
 138.8000000       1.33765e-20       1.33765e-20
 138.9000000       1.35901e-20       1.35901e-20
 139.0000000       1.38037e-20       1.38037e-20
 139.1000000       1.40173e-20       1.40173e-20
 139.2000000       1.42309e-20       1.42309e-20
 139.3000000       1.44444e-20       1.44444e-20
 139.4000000       1.46580e-20       1.46580e-20
 139.5000000       1.48716e-20       1.48716e-20
 139.6000000       1.50852e-20       1.50852e-20
 139.7000000       1.52988e-20       1.52988e-20
 139.8000000       1.55123e-20       1.55123e-20
 139.9000000       1.57259e-20       1.57259e-20
 140.0000000       1.59395e-20       1.59395e-20
 140.1000000       1.61531e-20       1.61531e-20
 140.2000000       1.63667e-20       1.63667e-20
 140.3000000       1.65802e-20       1.65802e-20
 140.4000000       1.67938e-20       1.67938e-20
 140.5000000       1.70074e-20       1.70074e-20
 140.6000000       1.72210e-20       1.72210e-20
 140.7000000       1.74346e-20       1.74346e-20
 140.8000000       1.76481e-20       1.76481e-20
 140.9000000       1.78617e-20       1.78617e-20
 141.0000000       1.80753e-20       1.80753e-20
 141.1000000       1.82889e-20       1.82889e-20
 141.2000000       1.85025e-20       1.85025e-20
 141.3000000       1.87160e-20       1.87160e-20
 141.4000000       1.89296e-20       1.89296e-20
 141.5000000       1.91432e-20       1.91432e-20
 141.6000000       1.93568e-20       1.93568e-20
 141.7000000       1.95704e-20       1.95704e-20
 141.8000000       1.97840e-20       1.97840e-20
 141.9000000       1.99975e-20       1.99975e-20
 142.0000000       2.02111e-20       2.02111e-20
 142.1000000       2.04247e-20       2.04247e-20
 142.2000000       2.06383e-20       2.06383e-20
 142.3000000       2.08519e-20       2.08519e-20
 142.4000000       2.10654e-20       2.10654e-20
 142.5000000       2.12790e-20       2.12790e-20
 142.6000000       2.14926e-20       2.14926e-20
 142.7000000       2.17062e-20       2.17062e-20
 142.8000000       2.19198e-20       2.19198e-20
 142.9000000       2.21333e-20       2.21333e-20
 143.0000000       2.23469e-20       2.23469e-20
 143.1000000       2.25605e-20       2.25605e-20
 143.2000000       2.27741e-20       2.27741e-20
 143.3000000       2.29877e-20       2.29877e-20
 143.4000000       2.32012e-20       2.32012e-20
 143.5000000       2.34148e-20       2.34148e-20
 143.6000000       2.36284e-20       2.36284e-20
 143.7000000       2.38420e-20       2.38420e-20
 143.8000000       2.40556e-20       2.40556e-20
 143.9000000       2.42691e-20       2.42691e-20
 144.0000000       2.44827e-20       2.44827e-20
 144.1000000       2.46963e-20       2.46963e-20
 144.2000000       2.49099e-20       2.49099e-20
 144.3000000       2.51235e-20       2.51235e-20
 144.4000000       2.53370e-20       2.53370e-20
 144.5000000       2.55506e-20       2.55506e-20
 144.6000000       2.57642e-20       2.57642e-20
 144.7000000       2.59778e-20       2.59778e-20
 144.8000000       2.61914e-20       2.61914e-20
 144.9000000       2.64049e-20       2.64049e-20
 145.0000000       2.66185e-20       2.66185e-20
 145.1000000       2.68321e-20       2.68321e-20
 145.2000000       2.70457e-20       2.70457e-20
 145.3000000       2.72593e-20       2.72593e-20
 145.4000000       2.74728e-20       2.74728e-20
 145.5000000       2.76864e-20       2.76864e-20
 145.6000000       2.78870e-20       2.78870e-20
 145.7000000       2.80099e-20       2.80099e-20
 145.8000000       2.81197e-20       2.81197e-20
 145.9000000       2.82296e-20       2.82296e-20
 146.0000000       2.83394e-20       2.83394e-20
 146.1000000       2.84493e-20       2.84493e-20
 146.2000000       2.85592e-20       2.85592e-20
 146.3000000       2.86690e-20       2.86690e-20
 146.4000000       2.87789e-20       2.87789e-20
 146.5000000       2.88887e-20       2.88887e-20
 146.6000000       2.89986e-20       2.89986e-20
 146.7000000       2.91085e-20       2.91085e-20
 146.8000000       2.92183e-20       2.92183e-20
 146.9000000       2.93282e-20       2.93282e-20
 147.0000000       2.94380e-20       2.94380e-20
 147.1000000       2.95479e-20       2.95479e-20
 147.2000000       2.96577e-20       2.96577e-20
 147.3000000       2.97676e-20       2.97676e-20
 147.4000000       2.98775e-20       2.98775e-20
 147.5000000       2.99873e-20       2.99873e-20
 147.6000000       3.00972e-20       3.00972e-20
 147.7000000       3.02070e-20       3.02070e-20
 147.8000000       3.03169e-20       3.03169e-20
 147.9000000       3.04268e-20       3.04268e-20
 148.0000000       3.05366e-20       3.05366e-20
 148.1000000       3.06465e-20       3.06465e-20
 148.2000000       3.07563e-20       3.07563e-20
 148.3000000       3.08662e-20       3.08662e-20
 148.4000000       3.09761e-20       3.09761e-20
 148.5000000       3.10859e-20       3.10859e-20
 148.6000000       3.11958e-20       3.11958e-20
 148.7000000       3.13056e-20       3.13056e-20
 148.8000000       3.14155e-20       3.14155e-20
 148.9000000       3.15254e-20       3.15254e-20
 149.0000000       3.16352e-20       3.16352e-20
 149.1000000       3.17451e-20       3.17451e-20
 149.2000000       3.18549e-20       3.18549e-20
 149.3000000       3.19648e-20       3.19648e-20
 149.4000000       3.20746e-20       3.20746e-20
 149.5000000       3.21845e-20       3.21845e-20
 149.6000000       3.22944e-20       3.22944e-20
 149.7000000       3.24042e-20       3.24042e-20
 149.8000000       3.25141e-20       3.25141e-20
 149.9000000       3.26239e-20       3.26239e-20
 150.0000000       3.27338e-20       3.27338e-20
 150.1000000       3.28437e-20       3.28437e-20
 150.2000000       3.29535e-20       3.29535e-20
 150.3000000       3.30634e-20       3.30634e-20
 150.4000000       3.31732e-20       3.31732e-20
 150.5000000       3.32831e-20       3.32831e-20
 150.6000000       3.33930e-20       3.33930e-20
 150.7000000       3.35028e-20       3.35028e-20
 150.8000000       3.36127e-20       3.36127e-20
 150.9000000       3.37225e-20       3.37225e-20
 151.0000000       3.38324e-20       3.38324e-20
 151.1000000       3.39423e-20       3.39423e-20
 151.2000000       3.40521e-20       3.40521e-20
 151.3000000       3.41620e-20       3.41620e-20
 151.4000000       3.42718e-20       3.42718e-20
 151.5000000       3.43817e-20       3.43817e-20
 151.6000000       3.44915e-20       3.44915e-20
 151.7000000       3.46014e-20       3.46014e-20
 151.8000000       3.47113e-20       3.47113e-20
 151.9000000       3.48211e-20       3.48211e-20
 152.0000000       3.49310e-20       3.49310e-20
 152.1000000       3.50408e-20       3.50408e-20
 152.2000000       3.51507e-20       3.51507e-20
 152.3000000       3.52606e-20       3.52606e-20
 152.4000000       3.53704e-20       3.53704e-20
 152.5000000       3.54803e-20       3.54803e-20
 152.6000000       3.55901e-20       3.55901e-20
 152.7000000       3.56550e-20       3.56550e-20
 152.8000000       3.54500e-20       3.54500e-20
 152.9000000       3.52000e-20       3.52000e-20
 153.0000000       3.49500e-20       3.49500e-20
 153.1000000       3.47000e-20       3.47000e-20
 153.2000000       3.44500e-20       3.44500e-20
 153.3000000       3.42000e-20       3.42000e-20
 153.4000000       3.39500e-20       3.39500e-20
 153.5000000       3.37000e-20       3.37000e-20
 153.6000000       3.34500e-20       3.34500e-20
 153.7000000       3.32000e-20       3.32000e-20
 153.8000000       3.29500e-20       3.29500e-20
 153.9000000       3.27000e-20       3.27000e-20
 154.0000000       3.24500e-20       3.24500e-20
 154.1000000       3.22000e-20       3.22000e-20
 154.2000000       3.19500e-20       3.19500e-20
 154.3000000       3.17000e-20       3.17000e-20
 154.4000000       3.14500e-20       3.14500e-20
 154.5000000       3.12000e-20       3.12000e-20
 154.6000000       3.09500e-20       3.09500e-20
 154.7000000       3.07000e-20       3.07000e-20
 154.8000000       3.04500e-20       3.04500e-20
 154.9000000       3.02000e-20       3.02000e-20
 155.0000000       2.99500e-20       2.99500e-20
 155.1000000       2.97000e-20       2.97000e-20
 155.2000000       2.94500e-20       2.94500e-20
 155.3000000       2.92000e-20       2.92000e-20
 155.4000000       2.89500e-20       2.89500e-20
 155.5000000       2.87000e-20       2.87000e-20
 155.6000000       2.84500e-20       2.84500e-20
 155.7000000       2.82000e-20       2.82000e-20
 155.8000000       2.79500e-20       2.79500e-20
 155.9000000       2.77000e-20       2.77000e-20
 156.0000000       2.74500e-20       2.74500e-20
 156.1000000       2.72000e-20       2.72000e-20
 156.2000000       2.69500e-20       2.69500e-20
 156.3000000       2.67000e-20       2.67000e-20
 156.4000000       2.64500e-20       2.64500e-20
 156.5000000       2.62000e-20       2.62000e-20
 156.6000000       2.59500e-20       2.59500e-20
 156.7000000       2.57000e-20       2.57000e-20
 156.8000000       2.54500e-20       2.54500e-20
 156.9000000       2.52000e-20       2.52000e-20
 157.0000000       2.49500e-20       2.49500e-20
 157.1000000       2.47000e-20       2.47000e-20
 157.2000000       2.44500e-20       2.44500e-20
 157.3000000       2.42000e-20       2.42000e-20
 157.4000000       2.39500e-20       2.39500e-20
 157.5000000       2.37000e-20       2.37000e-20
 157.6000000       2.34500e-20       2.34500e-20
 157.7000000       2.32000e-20       2.32000e-20
 157.8000000       2.29500e-20       2.29500e-20
 157.9000000       2.27000e-20       2.27000e-20
 158.0000000       2.24500e-20       2.24500e-20
 158.1000000       2.22000e-20       2.22000e-20
 158.2000000       2.19500e-20       2.19500e-20
 158.3000000       2.17000e-20       2.17000e-20
 158.4000000       2.14500e-20       2.14500e-20
 158.5000000       2.12000e-20       2.12000e-20
 158.6000000       2.09500e-20       2.09500e-20
 158.7000000       2.07000e-20       2.07000e-20
 158.8000000       2.04500e-20       2.04500e-20
 158.9000000       2.02000e-20       2.02000e-20
 159.0000000       1.99500e-20       1.99500e-20
 159.1000000       1.97000e-20       1.97000e-20
 159.2000000       1.94500e-20       1.94500e-20
 159.3000000       1.92000e-20       1.92000e-20
 159.4000000       1.89500e-20       1.89500e-20
 159.5000000       1.87000e-20       1.87000e-20
 159.6000000       1.84500e-20       1.84500e-20
 159.7000000       1.82000e-20       1.82000e-20
 159.8000000       1.79500e-20       1.79500e-20
 159.9000000       1.77000e-20       1.77000e-20
 160.0000000       1.74500e-20       1.74500e-20
 160.1000000       1.72000e-20       1.72000e-20
 160.2000000       1.69500e-20       1.69500e-20
 160.3000000       1.67000e-20       1.67000e-20
 160.4000000       1.64500e-20       1.64500e-20
 160.5000000       1.62000e-20       1.62000e-20
 160.6000000       1.59500e-20       1.59500e-20
 160.7000000       1.57024e-20       1.57024e-20
 160.8000000       1.54691e-20       1.54691e-20
 160.9000000       1.52382e-20       1.52382e-20
 161.0000000       1.50074e-20       1.50074e-20
 161.1000000       1.47765e-20       1.47765e-20
 161.2000000       1.45456e-20       1.45456e-20
 161.3000000       1.43147e-20       1.43147e-20
 161.4000000       1.40838e-20       1.40838e-20
 161.5000000       1.38529e-20       1.38529e-20
 161.6000000       1.36221e-20       1.36221e-20
 161.7000000       1.33912e-20       1.33912e-20
 161.8000000       1.31603e-20       1.31603e-20
 161.9000000       1.29294e-20       1.29294e-20
 162.0000000       1.26985e-20       1.26985e-20
 162.1000000       1.24676e-20       1.24676e-20
 162.2000000       1.22368e-20       1.22368e-20
 162.3000000       1.20059e-20       1.20059e-20
 162.4000000       1.17750e-20       1.17750e-20
 162.5000000       1.15441e-20       1.15441e-20
 162.6000000       1.13132e-20       1.13132e-20
 162.7000000       1.10824e-20       1.10824e-20
 162.8000000       1.08515e-20       1.08515e-20
 162.9000000       1.06206e-20       1.06206e-20
 163.0000000       1.03897e-20       1.03897e-20
 163.1000000       1.01588e-20       1.01588e-20
 163.2000000       9.92794e-21       9.92794e-21
 163.3000000       9.69706e-21       9.69706e-21
 163.4000000       9.46618e-21       9.46618e-21
 163.5000000       9.23529e-21       9.23529e-21
 163.6000000       9.00441e-21       9.00441e-21
 163.7000000       8.77353e-21       8.77353e-21
 163.8000000       8.54265e-21       8.54265e-21
 163.9000000       8.31176e-21       8.31176e-21
 164.0000000       8.08088e-21       8.08088e-21
 164.1000000       7.85000e-21       7.85000e-21
 164.2000000       7.61912e-21       7.61912e-21
 164.3000000       7.38824e-21       7.38824e-21
 164.4000000       7.15735e-21       7.15735e-21
 164.5000000       6.92647e-21       6.92647e-21
 164.6000000       6.69559e-21       6.69559e-21
 164.7000000       6.46471e-21       6.46471e-21
 164.8000000       6.23382e-21       6.23382e-21
 164.9000000       6.00294e-21       6.00294e-21
 165.0000000       5.77206e-21       5.77206e-21
 165.1000000       5.54118e-21       5.54118e-21
 165.2000000       5.31029e-21       5.31029e-21
 165.3000000       5.07941e-21       5.07941e-21
 165.4000000       4.84853e-21       4.84853e-21
 165.5000000       4.61765e-21       4.61765e-21
 165.6000000       4.38676e-21       4.38676e-21
 165.7000000       4.15588e-21       4.15588e-21
 165.8000000       3.92500e-21       3.92500e-21
 165.9000000       3.69412e-21       3.69412e-21
 166.0000000       3.46324e-21       3.46324e-21
 166.1000000       3.23235e-21       3.23235e-21
 166.2000000       3.00147e-21       3.00147e-21
 166.3000000       2.77059e-21       2.77059e-21
 166.4000000       2.53971e-21       2.53971e-21
 166.5000000       2.30882e-21       2.30882e-21
 166.6000000       2.07794e-21       2.07794e-21
 166.7000000       1.84706e-21       1.84706e-21
 166.8000000       1.61618e-21       1.61618e-21
 166.9000000       1.38529e-21       1.38529e-21
 167.0000000       1.15441e-21       1.15441e-21
 167.1000000       9.23529e-22       9.23529e-22
 167.2000000       6.92647e-22       6.92647e-22
 167.3000000       4.61765e-22       4.61765e-22
 167.4000000       2.30882e-22       2.30882e-22
 167.5000000       2.88603e-23       2.88603e-23
 167.6000000       0.00000e+00       0.00000e+00
 167.7000000       0.00000e+00       0.00000e+00
 167.8000000       0.00000e+00       0.00000e+00
 167.9000000       0.00000e+00       0.00000e+00
 168.0000000       0.00000e+00       0.00000e+00
 168.1000000       0.00000e+00       0.00000e+00
 168.2000000       0.00000e+00       0.00000e+00
 168.3000000       0.00000e+00       0.00000e+00
 168.4000000       0.00000e+00       0.00000e+00
 168.5000000       0.00000e+00       0.00000e+00
 168.6000000       0.00000e+00       0.00000e+00
 168.7000000       0.00000e+00       0.00000e+00
 168.8000000       0.00000e+00       0.00000e+00
 168.9000000       0.00000e+00       0.00000e+00
 169.0000000       0.00000e+00       0.00000e+00
 169.1000000       0.00000e+00       0.00000e+00
 169.2000000       0.00000e+00       0.00000e+00
 169.3000000       0.00000e+00       0.00000e+00
 169.4000000       0.00000e+00       0.00000e+00
 169.5000000       0.00000e+00       0.00000e+00
 169.6000000       0.00000e+00       0.00000e+00
 169.7000000       0.00000e+00       0.00000e+00
 169.8000000       0.00000e+00       0.00000e+00
 169.9000000       0.00000e+00       0.00000e+00
 170.0000000       0.00000e+00       0.00000e+00
 170.1000000       0.00000e+00       0.00000e+00
 170.2000000       0.00000e+00       0.00000e+00
 170.3000000       0.00000e+00       0.00000e+00
 170.4000000       0.00000e+00       0.00000e+00
 170.5000000       0.00000e+00       0.00000e+00
 170.6000000       0.00000e+00       0.00000e+00
 170.7000000       0.00000e+00       0.00000e+00
 170.8000000       0.00000e+00       0.00000e+00
 170.9000000       0.00000e+00       0.00000e+00
 171.0000000       0.00000e+00       0.00000e+00
 171.1000000       0.00000e+00       0.00000e+00
 171.2000000       0.00000e+00       0.00000e+00
 171.3000000       0.00000e+00       0.00000e+00
 171.4000000       0.00000e+00       0.00000e+00
 171.5000000       0.00000e+00       0.00000e+00
 171.6000000       0.00000e+00       0.00000e+00
 171.7000000       0.00000e+00       0.00000e+00
 171.8000000       0.00000e+00       0.00000e+00
 171.9000000       0.00000e+00       0.00000e+00
 172.0000000       0.00000e+00       0.00000e+00
 172.1000000       0.00000e+00       0.00000e+00
 172.2000000       0.00000e+00       0.00000e+00
 172.3000000       0.00000e+00       0.00000e+00
 172.4000000       0.00000e+00       0.00000e+00
 172.5000000       0.00000e+00       0.00000e+00
 172.6000000       0.00000e+00       0.00000e+00
 172.7000000       0.00000e+00       0.00000e+00
 172.8000000       0.00000e+00       0.00000e+00
 172.9000000       0.00000e+00       0.00000e+00
 173.0000000       0.00000e+00       0.00000e+00
 173.1000000       0.00000e+00       0.00000e+00
 173.2000000       0.00000e+00       0.00000e+00
 173.3000000       0.00000e+00       0.00000e+00
 173.4000000       0.00000e+00       0.00000e+00
 173.5000000       0.00000e+00       0.00000e+00
 173.6000000       0.00000e+00       0.00000e+00
 173.7000000       0.00000e+00       0.00000e+00
 173.8000000       0.00000e+00       0.00000e+00
 173.9000000       0.00000e+00       0.00000e+00
 174.0000000       0.00000e+00       0.00000e+00
 174.1000000       0.00000e+00       0.00000e+00
 174.2000000       0.00000e+00       0.00000e+00
 174.3000000       0.00000e+00       0.00000e+00
 174.4000000       0.00000e+00       0.00000e+00
 174.5000000       0.00000e+00       0.00000e+00
 174.6000000       0.00000e+00       0.00000e+00
 174.7000000       0.00000e+00       0.00000e+00
 174.8000000       0.00000e+00       0.00000e+00
 174.9000000       0.00000e+00       0.00000e+00
 175.0000000       0.00000e+00       0.00000e+00
 175.1000000       0.00000e+00       0.00000e+00
 175.2000000       0.00000e+00       0.00000e+00
 175.3000000       0.00000e+00       0.00000e+00
 175.4000000       0.00000e+00       0.00000e+00
 175.5000000       0.00000e+00       0.00000e+00
 175.6000000       0.00000e+00       0.00000e+00
 175.7000000       0.00000e+00       0.00000e+00
 175.8000000       0.00000e+00       0.00000e+00
 175.9000000       0.00000e+00       0.00000e+00
 176.0000000       0.00000e+00       0.00000e+00
 176.1000000       0.00000e+00       0.00000e+00
 176.2000000       0.00000e+00       0.00000e+00
 176.3000000       0.00000e+00       0.00000e+00
 176.4000000       0.00000e+00       0.00000e+00
 176.5000000       0.00000e+00       0.00000e+00
 176.6000000       0.00000e+00       0.00000e+00
 176.7000000       0.00000e+00       0.00000e+00
 176.8000000       0.00000e+00       0.00000e+00
 176.9000000       0.00000e+00       0.00000e+00
 177.0000000       0.00000e+00       0.00000e+00
 177.1000000       0.00000e+00       0.00000e+00
 177.2000000       0.00000e+00       0.00000e+00
 177.3000000       0.00000e+00       0.00000e+00
 177.4000000       0.00000e+00       0.00000e+00
 177.5000000       0.00000e+00       0.00000e+00
 177.6000000       0.00000e+00       0.00000e+00
 177.7000000       0.00000e+00       0.00000e+00
 177.8000000       0.00000e+00       0.00000e+00
 177.9000000       0.00000e+00       0.00000e+00
 178.0000000       0.00000e+00       0.00000e+00
 178.1000000       0.00000e+00       0.00000e+00
 178.2000000       0.00000e+00       0.00000e+00
 178.3000000       0.00000e+00       0.00000e+00
 178.4000000       0.00000e+00       0.00000e+00
 178.5000000       0.00000e+00       0.00000e+00
 178.6000000       0.00000e+00       0.00000e+00
 178.7000000       0.00000e+00       0.00000e+00
 178.8000000       0.00000e+00       0.00000e+00
 178.9000000       0.00000e+00       0.00000e+00
 179.0000000       0.00000e+00       0.00000e+00
 179.1000000       0.00000e+00       0.00000e+00
 179.2000000       0.00000e+00       0.00000e+00
 179.3000000       0.00000e+00       0.00000e+00
 179.4000000       0.00000e+00       0.00000e+00
 179.5000000       0.00000e+00       0.00000e+00
 179.6000000       0.00000e+00       0.00000e+00
 179.7000000       0.00000e+00       0.00000e+00
 179.8000000       0.00000e+00       0.00000e+00
 179.9000000       0.00000e+00       0.00000e+00
 180.0000000       0.00000e+00       0.00000e+00
 180.1000000       0.00000e+00       0.00000e+00
 180.2000000       0.00000e+00       0.00000e+00
 180.3000000       0.00000e+00       0.00000e+00
 180.4000000       0.00000e+00       0.00000e+00
 180.5000000       0.00000e+00       0.00000e+00
 180.6000000       0.00000e+00       0.00000e+00
 180.7000000       0.00000e+00       0.00000e+00
 180.8000000       0.00000e+00       0.00000e+00
 180.9000000       0.00000e+00       0.00000e+00
 181.0000000       0.00000e+00       0.00000e+00
 181.1000000       0.00000e+00       0.00000e+00
 181.2000000       0.00000e+00       0.00000e+00
 181.3000000       0.00000e+00       0.00000e+00
 181.4000000       0.00000e+00       0.00000e+00
 181.5000000       0.00000e+00       0.00000e+00
 181.6000000       0.00000e+00       0.00000e+00
 181.7000000       0.00000e+00       0.00000e+00
 181.8000000       0.00000e+00       0.00000e+00
 181.9000000       0.00000e+00       0.00000e+00
 182.0000000       0.00000e+00       0.00000e+00
 182.1000000       0.00000e+00       0.00000e+00
 182.2000000       0.00000e+00       0.00000e+00
 182.3000000       0.00000e+00       0.00000e+00
 182.4000000       0.00000e+00       0.00000e+00
 182.5000000       0.00000e+00       0.00000e+00
 182.6000000       0.00000e+00       0.00000e+00
 182.7000000       0.00000e+00       0.00000e+00
 182.8000000       0.00000e+00       0.00000e+00
 182.9000000       0.00000e+00       0.00000e+00
 183.0000000       0.00000e+00       0.00000e+00
 183.1000000       0.00000e+00       0.00000e+00
 183.2000000       0.00000e+00       0.00000e+00
 183.3000000       0.00000e+00       0.00000e+00
 183.4000000       0.00000e+00       0.00000e+00
 183.5000000       0.00000e+00       0.00000e+00
 183.6000000       0.00000e+00       0.00000e+00
 183.7000000       0.00000e+00       0.00000e+00
 183.8000000       0.00000e+00       0.00000e+00
 183.9000000       0.00000e+00       0.00000e+00
 184.0000000       0.00000e+00       0.00000e+00
 184.1000000       0.00000e+00       0.00000e+00
 184.2000000       0.00000e+00       0.00000e+00
 184.3000000       0.00000e+00       0.00000e+00
 184.4000000       0.00000e+00       0.00000e+00
 184.5000000       0.00000e+00       0.00000e+00
 184.6000000       0.00000e+00       0.00000e+00
 184.7000000       0.00000e+00       0.00000e+00
 184.8000000       0.00000e+00       0.00000e+00
 184.9000000       0.00000e+00       0.00000e+00
 185.0000000       0.00000e+00       0.00000e+00
 185.1000000       0.00000e+00       0.00000e+00
 185.2000000       0.00000e+00       0.00000e+00
 185.3000000       0.00000e+00       0.00000e+00
 185.4000000       0.00000e+00       0.00000e+00
 185.5000000       0.00000e+00       0.00000e+00
 185.6000000       0.00000e+00       0.00000e+00
 185.7000000       0.00000e+00       0.00000e+00
 185.8000000       0.00000e+00       0.00000e+00
 185.9000000       0.00000e+00       0.00000e+00
 186.0000000       0.00000e+00       0.00000e+00
 186.1000000       0.00000e+00       0.00000e+00
 186.2000000       0.00000e+00       0.00000e+00
 186.3000000       0.00000e+00       0.00000e+00
 186.4000000       0.00000e+00       0.00000e+00
 186.5000000       0.00000e+00       0.00000e+00
 186.6000000       0.00000e+00       0.00000e+00
 186.7000000       0.00000e+00       0.00000e+00
 186.8000000       0.00000e+00       0.00000e+00
 186.9000000       0.00000e+00       0.00000e+00
 187.0000000       0.00000e+00       0.00000e+00
 187.1000000       0.00000e+00       0.00000e+00
 187.2000000       0.00000e+00       0.00000e+00
 187.3000000       0.00000e+00       0.00000e+00
 187.4000000       0.00000e+00       0.00000e+00
 187.5000000       0.00000e+00       0.00000e+00
 187.6000000       0.00000e+00       0.00000e+00
 187.7000000       0.00000e+00       0.00000e+00
 187.8000000       0.00000e+00       0.00000e+00
 187.9000000       0.00000e+00       0.00000e+00
 188.0000000       0.00000e+00       0.00000e+00
 188.1000000       0.00000e+00       0.00000e+00
 188.2000000       0.00000e+00       0.00000e+00
 188.3000000       0.00000e+00       0.00000e+00
 188.4000000       0.00000e+00       0.00000e+00
 188.5000000       0.00000e+00       0.00000e+00
 188.6000000       0.00000e+00       0.00000e+00
 188.7000000       0.00000e+00       0.00000e+00
 188.8000000       0.00000e+00       0.00000e+00
 188.9000000       0.00000e+00       0.00000e+00
 189.0000000       0.00000e+00       0.00000e+00
 189.1000000       0.00000e+00       0.00000e+00
 189.2000000       0.00000e+00       0.00000e+00
 189.3000000       0.00000e+00       0.00000e+00
 189.4000000       0.00000e+00       0.00000e+00
 189.5000000       0.00000e+00       0.00000e+00
 189.6000000       0.00000e+00       0.00000e+00
 189.7000000       0.00000e+00       0.00000e+00
 189.8000000       0.00000e+00       0.00000e+00
 189.9000000       0.00000e+00       0.00000e+00
 190.0000000       0.00000e+00       0.00000e+00
 190.1000000       0.00000e+00       0.00000e+00
 190.2000000       0.00000e+00       0.00000e+00
 190.3000000       0.00000e+00       0.00000e+00
 190.4000000       0.00000e+00       0.00000e+00
 190.5000000       0.00000e+00       0.00000e+00
 190.6000000       0.00000e+00       0.00000e+00
 190.7000000       0.00000e+00       0.00000e+00
 190.8000000       0.00000e+00       0.00000e+00
 190.9000000       0.00000e+00       0.00000e+00
 191.0000000       0.00000e+00       0.00000e+00
 191.1000000       0.00000e+00       0.00000e+00
 191.2000000       0.00000e+00       0.00000e+00
 191.3000000       0.00000e+00       0.00000e+00
 191.4000000       0.00000e+00       0.00000e+00
 191.5000000       0.00000e+00       0.00000e+00
 191.6000000       0.00000e+00       0.00000e+00
 191.7000000       0.00000e+00       0.00000e+00
 191.8000000       0.00000e+00       0.00000e+00
 191.9000000       0.00000e+00       0.00000e+00
 192.0000000       0.00000e+00       0.00000e+00
 192.1000000       0.00000e+00       0.00000e+00
 192.2000000       0.00000e+00       0.00000e+00
 192.3000000       0.00000e+00       0.00000e+00
 192.4000000       0.00000e+00       0.00000e+00
 192.5000000       0.00000e+00       0.00000e+00
 192.6000000       0.00000e+00       0.00000e+00
 192.7000000       0.00000e+00       0.00000e+00
 192.8000000       0.00000e+00       0.00000e+00
 192.9000000       0.00000e+00       0.00000e+00
 193.0000000       0.00000e+00       0.00000e+00
 193.1000000       0.00000e+00       0.00000e+00
 193.2000000       0.00000e+00       0.00000e+00
 193.3000000       0.00000e+00       0.00000e+00
 193.4000000       0.00000e+00       0.00000e+00
 193.5000000       0.00000e+00       0.00000e+00
 193.6000000       0.00000e+00       0.00000e+00
 193.7000000       0.00000e+00       0.00000e+00
 193.8000000       0.00000e+00       0.00000e+00
 193.9000000       0.00000e+00       0.00000e+00
 194.0000000       0.00000e+00       0.00000e+00
 194.1000000       0.00000e+00       0.00000e+00
 194.2000000       0.00000e+00       0.00000e+00
 194.3000000       0.00000e+00       0.00000e+00
 194.4000000       0.00000e+00       0.00000e+00
 194.5000000       0.00000e+00       0.00000e+00
 194.6000000       0.00000e+00       0.00000e+00
 194.7000000       0.00000e+00       0.00000e+00
 194.8000000       0.00000e+00       0.00000e+00
 194.9000000       0.00000e+00       0.00000e+00
 195.0000000       0.00000e+00       0.00000e+00
 195.1000000       0.00000e+00       0.00000e+00
 195.2000000       0.00000e+00       0.00000e+00
 195.3000000       0.00000e+00       0.00000e+00
 195.4000000       0.00000e+00       0.00000e+00
 195.5000000       0.00000e+00       0.00000e+00
 195.6000000       0.00000e+00       0.00000e+00
 195.7000000       0.00000e+00       0.00000e+00
 195.8000000       0.00000e+00       0.00000e+00
 195.9000000       0.00000e+00       0.00000e+00
 196.0000000       0.00000e+00       0.00000e+00
 196.1000000       0.00000e+00       0.00000e+00
 196.2000000       0.00000e+00       0.00000e+00
 196.3000000       0.00000e+00       0.00000e+00
 196.4000000       0.00000e+00       0.00000e+00
 196.5000000       0.00000e+00       0.00000e+00
 196.6000000       0.00000e+00       0.00000e+00
 196.7000000       0.00000e+00       0.00000e+00
 196.8000000       0.00000e+00       0.00000e+00
 196.9000000       0.00000e+00       0.00000e+00
 197.0000000       0.00000e+00       0.00000e+00
 197.1000000       0.00000e+00       0.00000e+00
 197.2000000       0.00000e+00       0.00000e+00
 197.3000000       0.00000e+00       0.00000e+00
 197.4000000       0.00000e+00       0.00000e+00
 197.5000000       0.00000e+00       0.00000e+00
 197.6000000       0.00000e+00       0.00000e+00
 197.7000000       0.00000e+00       0.00000e+00
 197.8000000       0.00000e+00       0.00000e+00
 197.9000000       0.00000e+00       0.00000e+00
 198.0000000       0.00000e+00       0.00000e+00
 198.1000000       0.00000e+00       0.00000e+00
 198.2000000       0.00000e+00       0.00000e+00
 198.3000000       0.00000e+00       0.00000e+00
 198.4000000       0.00000e+00       0.00000e+00
 198.5000000       0.00000e+00       0.00000e+00
 198.6000000       0.00000e+00       0.00000e+00
 198.7000000       0.00000e+00       0.00000e+00
 198.8000000       0.00000e+00       0.00000e+00
 198.9000000       0.00000e+00       0.00000e+00
 199.0000000       0.00000e+00       0.00000e+00
 199.1000000       0.00000e+00       0.00000e+00
 199.2000000       0.00000e+00       0.00000e+00
 199.3000000       0.00000e+00       0.00000e+00
 199.4000000       0.00000e+00       0.00000e+00
 199.5000000       0.00000e+00       0.00000e+00
 199.6000000       0.00000e+00       0.00000e+00
 199.7000000       0.00000e+00       0.00000e+00
 199.8000000       0.00000e+00       0.00000e+00
 199.9000000       0.00000e+00       0.00000e+00
 200.0000000       0.00000e+00       0.00000e+00
 200.1000000       0.00000e+00       0.00000e+00
 200.2000000       0.00000e+00       0.00000e+00
 200.3000000       0.00000e+00       0.00000e+00
 200.4000000       0.00000e+00       0.00000e+00
 200.5000000       0.00000e+00       0.00000e+00
 200.6000000       0.00000e+00       0.00000e+00
 200.7000000       0.00000e+00       0.00000e+00
 200.8000000       0.00000e+00       0.00000e+00
 200.9000000       0.00000e+00       0.00000e+00
 201.0000000       0.00000e+00       0.00000e+00
 201.1000000       0.00000e+00       0.00000e+00
 201.2000000       0.00000e+00       0.00000e+00
 201.3000000       0.00000e+00       0.00000e+00
 201.4000000       0.00000e+00       0.00000e+00
 201.5000000       0.00000e+00       0.00000e+00
 201.6000000       0.00000e+00       0.00000e+00
 201.7000000       0.00000e+00       0.00000e+00
 201.8000000       0.00000e+00       0.00000e+00
 201.9000000       0.00000e+00       0.00000e+00
 202.0000000       0.00000e+00       0.00000e+00
 202.1000000       0.00000e+00       0.00000e+00
 202.2000000       0.00000e+00       0.00000e+00
 202.3000000       0.00000e+00       0.00000e+00
 202.4000000       0.00000e+00       0.00000e+00
 202.5000000       0.00000e+00       0.00000e+00
 202.6000000       0.00000e+00       0.00000e+00
 202.7000000       0.00000e+00       0.00000e+00
 202.8000000       0.00000e+00       0.00000e+00
 202.9000000       0.00000e+00       0.00000e+00
 203.0000000       0.00000e+00       0.00000e+00
 203.1000000       0.00000e+00       0.00000e+00
 203.2000000       0.00000e+00       0.00000e+00
 203.3000000       0.00000e+00       0.00000e+00
 203.4000000       0.00000e+00       0.00000e+00
 203.5000000       0.00000e+00       0.00000e+00
 203.6000000       0.00000e+00       0.00000e+00
 203.7000000       0.00000e+00       0.00000e+00
 203.8000000       0.00000e+00       0.00000e+00
 203.9000000       0.00000e+00       0.00000e+00
 204.0000000       0.00000e+00       0.00000e+00
 204.1000000       0.00000e+00       0.00000e+00
 204.2000000       0.00000e+00       0.00000e+00
 204.3000000       0.00000e+00       0.00000e+00
 204.4000000       0.00000e+00       0.00000e+00
 204.5000000       0.00000e+00       0.00000e+00
 204.6000000       0.00000e+00       0.00000e+00
 204.7000000       0.00000e+00       0.00000e+00
 204.8000000       0.00000e+00       0.00000e+00
 204.9000000       0.00000e+00       0.00000e+00
 205.0000000       0.00000e+00       0.00000e+00
 205.1000000       0.00000e+00       0.00000e+00
 205.2000000       0.00000e+00       0.00000e+00
 205.3000000       0.00000e+00       0.00000e+00
 205.4000000       0.00000e+00       0.00000e+00
 205.5000000       0.00000e+00       0.00000e+00
 205.6000000       0.00000e+00       0.00000e+00
 205.7000000       0.00000e+00       0.00000e+00
 205.8000000       0.00000e+00       0.00000e+00
 205.9000000       0.00000e+00       0.00000e+00
 206.0000000       0.00000e+00       0.00000e+00
 206.1000000       0.00000e+00       0.00000e+00
 206.2000000       0.00000e+00       0.00000e+00
 206.3000000       0.00000e+00       0.00000e+00
 206.4000000       0.00000e+00       0.00000e+00
 206.5000000       0.00000e+00       0.00000e+00
 206.6000000       0.00000e+00       0.00000e+00
 206.7000000       0.00000e+00       0.00000e+00
 206.8000000       0.00000e+00       0.00000e+00
 206.9000000       0.00000e+00       0.00000e+00
 207.0000000       0.00000e+00       0.00000e+00
 207.1000000       0.00000e+00       0.00000e+00
 207.2000000       0.00000e+00       0.00000e+00
 207.3000000       0.00000e+00       0.00000e+00
 207.4000000       0.00000e+00       0.00000e+00
 207.5000000       0.00000e+00       0.00000e+00
 207.6000000       0.00000e+00       0.00000e+00
 207.7000000       0.00000e+00       0.00000e+00
 207.8000000       0.00000e+00       0.00000e+00
 207.9000000       0.00000e+00       0.00000e+00
 208.0000000       0.00000e+00       0.00000e+00
 208.1000000       0.00000e+00       0.00000e+00
 208.2000000       0.00000e+00       0.00000e+00
 208.3000000       0.00000e+00       0.00000e+00
 208.4000000       0.00000e+00       0.00000e+00
 208.5000000       0.00000e+00       0.00000e+00
 208.6000000       0.00000e+00       0.00000e+00
 208.7000000       0.00000e+00       0.00000e+00
 208.8000000       0.00000e+00       0.00000e+00
 208.9000000       0.00000e+00       0.00000e+00
 209.0000000       0.00000e+00       0.00000e+00
 209.1000000       0.00000e+00       0.00000e+00
 209.2000000       0.00000e+00       0.00000e+00
 209.3000000       0.00000e+00       0.00000e+00
 209.4000000       0.00000e+00       0.00000e+00
 209.5000000       0.00000e+00       0.00000e+00
 209.6000000       0.00000e+00       0.00000e+00
 209.7000000       0.00000e+00       0.00000e+00
 209.8000000       0.00000e+00       0.00000e+00
 209.9000000       0.00000e+00       0.00000e+00
 210.0000000       0.00000e+00       0.00000e+00
 210.1000000       0.00000e+00       0.00000e+00
 210.2000000       0.00000e+00       0.00000e+00
 210.3000000       0.00000e+00       0.00000e+00
 210.4000000       0.00000e+00       0.00000e+00
 210.5000000       0.00000e+00       0.00000e+00
 210.6000000       0.00000e+00       0.00000e+00
 210.7000000       0.00000e+00       0.00000e+00
 210.8000000       0.00000e+00       0.00000e+00
 210.9000000       0.00000e+00       0.00000e+00
 211.0000000       0.00000e+00       0.00000e+00
 211.1000000       0.00000e+00       0.00000e+00
 211.2000000       0.00000e+00       0.00000e+00
 211.3000000       0.00000e+00       0.00000e+00
 211.4000000       0.00000e+00       0.00000e+00
 211.5000000       0.00000e+00       0.00000e+00
 211.6000000       0.00000e+00       0.00000e+00
 211.7000000       0.00000e+00       0.00000e+00
 211.8000000       0.00000e+00       0.00000e+00
 211.9000000       0.00000e+00       0.00000e+00
 212.0000000       0.00000e+00       0.00000e+00
 212.1000000       0.00000e+00       0.00000e+00
 212.2000000       0.00000e+00       0.00000e+00
 212.3000000       0.00000e+00       0.00000e+00
 212.4000000       0.00000e+00       0.00000e+00
 212.5000000       0.00000e+00       0.00000e+00
 212.6000000       0.00000e+00       0.00000e+00
 212.7000000       0.00000e+00       0.00000e+00
 212.8000000       0.00000e+00       0.00000e+00
 212.9000000       0.00000e+00       0.00000e+00
 213.0000000       0.00000e+00       0.00000e+00
 213.1000000       0.00000e+00       0.00000e+00
 213.2000000       0.00000e+00       0.00000e+00
 213.3000000       0.00000e+00       0.00000e+00
 213.4000000       0.00000e+00       0.00000e+00
 213.5000000       0.00000e+00       0.00000e+00
 213.6000000       0.00000e+00       0.00000e+00
 213.7000000       0.00000e+00       0.00000e+00
 213.8000000       0.00000e+00       0.00000e+00
 213.9000000       0.00000e+00       0.00000e+00
 214.0000000       0.00000e+00       0.00000e+00
 214.1000000       0.00000e+00       0.00000e+00
 214.2000000       0.00000e+00       0.00000e+00
 214.3000000       0.00000e+00       0.00000e+00
 214.4000000       0.00000e+00       0.00000e+00
 214.5000000       0.00000e+00       0.00000e+00
 214.6000000       0.00000e+00       0.00000e+00
 214.7000000       0.00000e+00       0.00000e+00
 214.8000000       0.00000e+00       0.00000e+00
 214.9000000       0.00000e+00       0.00000e+00
 215.0000000       0.00000e+00       0.00000e+00
 215.1000000       0.00000e+00       0.00000e+00
 215.2000000       0.00000e+00       0.00000e+00
 215.3000000       0.00000e+00       0.00000e+00
 215.4000000       0.00000e+00       0.00000e+00
 215.5000000       0.00000e+00       0.00000e+00
 215.6000000       0.00000e+00       0.00000e+00
 215.7000000       0.00000e+00       0.00000e+00
 215.8000000       0.00000e+00       0.00000e+00
 215.9000000       0.00000e+00       0.00000e+00
 216.0000000       0.00000e+00       0.00000e+00
 216.1000000       0.00000e+00       0.00000e+00
 216.2000000       0.00000e+00       0.00000e+00
 216.3000000       0.00000e+00       0.00000e+00
 216.4000000       0.00000e+00       0.00000e+00
 216.5000000       0.00000e+00       0.00000e+00
 216.6000000       0.00000e+00       0.00000e+00
 216.7000000       0.00000e+00       0.00000e+00
 216.8000000       0.00000e+00       0.00000e+00
 216.9000000       0.00000e+00       0.00000e+00
 217.0000000       0.00000e+00       0.00000e+00
 217.1000000       0.00000e+00       0.00000e+00
 217.2000000       0.00000e+00       0.00000e+00
 217.3000000       0.00000e+00       0.00000e+00
 217.4000000       0.00000e+00       0.00000e+00
 217.5000000       0.00000e+00       0.00000e+00
 217.6000000       0.00000e+00       0.00000e+00
 217.7000000       0.00000e+00       0.00000e+00
 217.8000000       0.00000e+00       0.00000e+00
 217.9000000       0.00000e+00       0.00000e+00
 218.0000000       0.00000e+00       0.00000e+00
 218.1000000       0.00000e+00       0.00000e+00
 218.2000000       0.00000e+00       0.00000e+00
 218.3000000       0.00000e+00       0.00000e+00
 218.4000000       0.00000e+00       0.00000e+00
 218.5000000       0.00000e+00       0.00000e+00
 218.6000000       0.00000e+00       0.00000e+00
 218.7000000       0.00000e+00       0.00000e+00
 218.8000000       0.00000e+00       0.00000e+00
 218.9000000       0.00000e+00       0.00000e+00
 219.0000000       0.00000e+00       0.00000e+00
 219.1000000       0.00000e+00       0.00000e+00
 219.2000000       0.00000e+00       0.00000e+00
 219.3000000       0.00000e+00       0.00000e+00
 219.4000000       0.00000e+00       0.00000e+00
 219.5000000       0.00000e+00       0.00000e+00
 219.6000000       0.00000e+00       0.00000e+00
 219.7000000       0.00000e+00       0.00000e+00
 219.8000000       0.00000e+00       0.00000e+00
 219.9000000       0.00000e+00       0.00000e+00
 220.0000000       0.00000e+00       0.00000e+00
 220.1000000       0.00000e+00       0.00000e+00
 220.2000000       0.00000e+00       0.00000e+00
 220.3000000       0.00000e+00       0.00000e+00
 220.4000000       0.00000e+00       0.00000e+00
 220.5000000       0.00000e+00       0.00000e+00
 220.6000000       0.00000e+00       0.00000e+00
 220.7000000       0.00000e+00       0.00000e+00
 220.8000000       0.00000e+00       0.00000e+00
 220.9000000       0.00000e+00       0.00000e+00
 221.0000000       0.00000e+00       0.00000e+00
 221.1000000       0.00000e+00       0.00000e+00
 221.2000000       0.00000e+00       0.00000e+00
 221.3000000       0.00000e+00       0.00000e+00
 221.4000000       0.00000e+00       0.00000e+00
 221.5000000       0.00000e+00       0.00000e+00
 221.6000000       0.00000e+00       0.00000e+00
 221.7000000       0.00000e+00       0.00000e+00
 221.8000000       0.00000e+00       0.00000e+00
 221.9000000       0.00000e+00       0.00000e+00
 222.0000000       0.00000e+00       0.00000e+00
 222.1000000       0.00000e+00       0.00000e+00
 222.2000000       0.00000e+00       0.00000e+00
 222.3000000       0.00000e+00       0.00000e+00
 222.4000000       0.00000e+00       0.00000e+00
 222.5000000       0.00000e+00       0.00000e+00
 222.6000000       0.00000e+00       0.00000e+00
 222.7000000       0.00000e+00       0.00000e+00
 222.8000000       0.00000e+00       0.00000e+00
 222.9000000       0.00000e+00       0.00000e+00
 223.0000000       0.00000e+00       0.00000e+00
 223.1000000       0.00000e+00       0.00000e+00
 223.2000000       0.00000e+00       0.00000e+00
 223.3000000       0.00000e+00       0.00000e+00
 223.4000000       0.00000e+00       0.00000e+00
 223.5000000       0.00000e+00       0.00000e+00
 223.6000000       0.00000e+00       0.00000e+00
 223.7000000       0.00000e+00       0.00000e+00
 223.8000000       0.00000e+00       0.00000e+00
 223.9000000       0.00000e+00       0.00000e+00
 224.0000000       0.00000e+00       0.00000e+00
 224.1000000       0.00000e+00       0.00000e+00
 224.2000000       0.00000e+00       0.00000e+00
 224.3000000       0.00000e+00       0.00000e+00
 224.4000000       0.00000e+00       0.00000e+00
 224.5000000       0.00000e+00       0.00000e+00
 224.6000000       0.00000e+00       0.00000e+00
 224.7000000       0.00000e+00       0.00000e+00
 224.8000000       0.00000e+00       0.00000e+00
 224.9000000       0.00000e+00       0.00000e+00
 225.0000000       0.00000e+00       0.00000e+00
 225.1000000       0.00000e+00       0.00000e+00
 225.2000000       0.00000e+00       0.00000e+00
 225.3000000       0.00000e+00       0.00000e+00
 225.4000000       0.00000e+00       0.00000e+00
 225.5000000       0.00000e+00       0.00000e+00
 225.6000000       0.00000e+00       0.00000e+00
 225.7000000       0.00000e+00       0.00000e+00
 225.8000000       0.00000e+00       0.00000e+00
 225.9000000       0.00000e+00       0.00000e+00
 226.0000000       0.00000e+00       0.00000e+00
 226.1000000       0.00000e+00       0.00000e+00
 226.2000000       0.00000e+00       0.00000e+00
 226.3000000       0.00000e+00       0.00000e+00
 226.4000000       0.00000e+00       0.00000e+00
 226.5000000       0.00000e+00       0.00000e+00
 226.6000000       0.00000e+00       0.00000e+00
 226.7000000       0.00000e+00       0.00000e+00
 226.8000000       0.00000e+00       0.00000e+00
 226.9000000       0.00000e+00       0.00000e+00
 227.0000000       0.00000e+00       0.00000e+00
 227.1000000       0.00000e+00       0.00000e+00
 227.2000000       0.00000e+00       0.00000e+00
 227.3000000       0.00000e+00       0.00000e+00
 227.4000000       0.00000e+00       0.00000e+00
 227.5000000       0.00000e+00       0.00000e+00
 227.6000000       0.00000e+00       0.00000e+00
 227.7000000       0.00000e+00       0.00000e+00
 227.8000000       0.00000e+00       0.00000e+00
 227.9000000       0.00000e+00       0.00000e+00
 228.0000000       0.00000e+00       0.00000e+00
 228.1000000       0.00000e+00       0.00000e+00
 228.2000000       0.00000e+00       0.00000e+00
 228.3000000       0.00000e+00       0.00000e+00
 228.4000000       0.00000e+00       0.00000e+00
 228.5000000       0.00000e+00       0.00000e+00
 228.6000000       0.00000e+00       0.00000e+00
 228.7000000       0.00000e+00       0.00000e+00
 228.8000000       0.00000e+00       0.00000e+00
 228.9000000       0.00000e+00       0.00000e+00
 229.0000000       0.00000e+00       0.00000e+00
 229.1000000       0.00000e+00       0.00000e+00
 229.2000000       0.00000e+00       0.00000e+00
 229.3000000       0.00000e+00       0.00000e+00
 229.4000000       0.00000e+00       0.00000e+00
 229.5000000       0.00000e+00       0.00000e+00
 229.6000000       0.00000e+00       0.00000e+00
 229.7000000       0.00000e+00       0.00000e+00
 229.8000000       0.00000e+00       0.00000e+00
 229.9000000       0.00000e+00       0.00000e+00
 230.0000000       0.00000e+00       0.00000e+00
 230.1000000       0.00000e+00       0.00000e+00
 230.2000000       0.00000e+00       0.00000e+00
 230.3000000       0.00000e+00       0.00000e+00
 230.4000000       0.00000e+00       0.00000e+00
 230.5000000       0.00000e+00       0.00000e+00
 230.6000000       0.00000e+00       0.00000e+00
 230.7000000       0.00000e+00       0.00000e+00
 230.8000000       0.00000e+00       0.00000e+00
 230.9000000       0.00000e+00       0.00000e+00
 231.0000000       0.00000e+00       0.00000e+00
 231.1000000       0.00000e+00       0.00000e+00
 231.2000000       0.00000e+00       0.00000e+00
 231.3000000       0.00000e+00       0.00000e+00
 231.4000000       0.00000e+00       0.00000e+00
 231.5000000       0.00000e+00       0.00000e+00
 231.6000000       0.00000e+00       0.00000e+00
 231.7000000       0.00000e+00       0.00000e+00
 231.8000000       0.00000e+00       0.00000e+00
 231.9000000       0.00000e+00       0.00000e+00
 232.0000000       0.00000e+00       0.00000e+00
 232.1000000       0.00000e+00       0.00000e+00
 232.2000000       0.00000e+00       0.00000e+00
 232.3000000       0.00000e+00       0.00000e+00
 232.4000000       0.00000e+00       0.00000e+00
 232.5000000       0.00000e+00       0.00000e+00
 232.6000000       0.00000e+00       0.00000e+00
 232.7000000       0.00000e+00       0.00000e+00
 232.8000000       0.00000e+00       0.00000e+00
 232.9000000       0.00000e+00       0.00000e+00
 233.0000000       0.00000e+00       0.00000e+00
 233.1000000       0.00000e+00       0.00000e+00
 233.2000000       0.00000e+00       0.00000e+00
 233.3000000       0.00000e+00       0.00000e+00
 233.4000000       0.00000e+00       0.00000e+00
 233.5000000       0.00000e+00       0.00000e+00
 233.6000000       0.00000e+00       0.00000e+00
 233.7000000       0.00000e+00       0.00000e+00
 233.8000000       0.00000e+00       0.00000e+00
 233.9000000       0.00000e+00       0.00000e+00
 234.0000000       0.00000e+00       0.00000e+00
 234.1000000       0.00000e+00       0.00000e+00
 234.2000000       0.00000e+00       0.00000e+00
 234.3000000       0.00000e+00       0.00000e+00
 234.4000000       0.00000e+00       0.00000e+00
 234.5000000       0.00000e+00       0.00000e+00
 234.6000000       0.00000e+00       0.00000e+00
 234.7000000       0.00000e+00       0.00000e+00
 234.8000000       0.00000e+00       0.00000e+00
 234.9000000       0.00000e+00       0.00000e+00
 235.0000000       0.00000e+00       0.00000e+00
 235.1000000       0.00000e+00       0.00000e+00
 235.2000000       0.00000e+00       0.00000e+00
 235.3000000       0.00000e+00       0.00000e+00
 235.4000000       0.00000e+00       0.00000e+00
 235.5000000       0.00000e+00       0.00000e+00
 235.6000000       0.00000e+00       0.00000e+00
 235.7000000       0.00000e+00       0.00000e+00
 235.8000000       0.00000e+00       0.00000e+00
 235.9000000       0.00000e+00       0.00000e+00
 236.0000000       0.00000e+00       0.00000e+00
 236.1000000       0.00000e+00       0.00000e+00
 236.2000000       0.00000e+00       0.00000e+00
 236.3000000       0.00000e+00       0.00000e+00
 236.4000000       0.00000e+00       0.00000e+00
 236.5000000       0.00000e+00       0.00000e+00
 236.6000000       0.00000e+00       0.00000e+00
 236.7000000       0.00000e+00       0.00000e+00
 236.8000000       0.00000e+00       0.00000e+00
 236.9000000       0.00000e+00       0.00000e+00
 237.0000000       0.00000e+00       0.00000e+00
 237.1000000       0.00000e+00       0.00000e+00
 237.2000000       0.00000e+00       0.00000e+00
 237.3000000       0.00000e+00       0.00000e+00
 237.4000000       0.00000e+00       0.00000e+00
 237.5000000       0.00000e+00       0.00000e+00
 237.6000000       0.00000e+00       0.00000e+00
 237.7000000       0.00000e+00       0.00000e+00
 237.8000000       0.00000e+00       0.00000e+00
 237.9000000       0.00000e+00       0.00000e+00
 238.0000000       0.00000e+00       0.00000e+00
 238.1000000       0.00000e+00       0.00000e+00
 238.2000000       0.00000e+00       0.00000e+00
 238.3000000       0.00000e+00       0.00000e+00
 238.4000000       0.00000e+00       0.00000e+00
 238.5000000       0.00000e+00       0.00000e+00
 238.6000000       0.00000e+00       0.00000e+00
 238.7000000       0.00000e+00       0.00000e+00
 238.8000000       0.00000e+00       0.00000e+00
 238.9000000       0.00000e+00       0.00000e+00
 239.0000000       0.00000e+00       0.00000e+00
 239.1000000       0.00000e+00       0.00000e+00
 239.2000000       0.00000e+00       0.00000e+00
 239.3000000       0.00000e+00       0.00000e+00
 239.4000000       0.00000e+00       0.00000e+00
 239.5000000       0.00000e+00       0.00000e+00
 239.6000000       0.00000e+00       0.00000e+00
 239.7000000       0.00000e+00       0.00000e+00
 239.8000000       0.00000e+00       0.00000e+00
 239.9000000       0.00000e+00       0.00000e+00
 240.0000000       0.00000e+00       0.00000e+00
 240.1000000       0.00000e+00       0.00000e+00
 240.2000000       0.00000e+00       0.00000e+00
 240.3000000       0.00000e+00       0.00000e+00
 240.4000000       0.00000e+00       0.00000e+00
 240.5000000       0.00000e+00       0.00000e+00
 240.6000000       0.00000e+00       0.00000e+00
 240.7000000       0.00000e+00       0.00000e+00
 240.8000000       0.00000e+00       0.00000e+00
 240.9000000       0.00000e+00       0.00000e+00
 241.0000000       0.00000e+00       0.00000e+00
 241.1000000       0.00000e+00       0.00000e+00
 241.2000000       0.00000e+00       0.00000e+00
 241.3000000       0.00000e+00       0.00000e+00
 241.4000000       0.00000e+00       0.00000e+00
 241.5000000       0.00000e+00       0.00000e+00
 241.6000000       0.00000e+00       0.00000e+00
 241.7000000       0.00000e+00       0.00000e+00
 241.8000000       0.00000e+00       0.00000e+00
 241.9000000       0.00000e+00       0.00000e+00
 242.0000000       0.00000e+00       0.00000e+00
 242.1000000       0.00000e+00       0.00000e+00
 242.2000000       0.00000e+00       0.00000e+00
 242.3000000       0.00000e+00       0.00000e+00
 242.4000000       0.00000e+00       0.00000e+00
 242.5000000       0.00000e+00       0.00000e+00
 242.6000000       0.00000e+00       0.00000e+00
 242.7000000       0.00000e+00       0.00000e+00
 242.8000000       0.00000e+00       0.00000e+00
 242.9000000       0.00000e+00       0.00000e+00
 243.0000000       0.00000e+00       0.00000e+00
 243.1000000       0.00000e+00       0.00000e+00
 243.2000000       0.00000e+00       0.00000e+00
 243.3000000       0.00000e+00       0.00000e+00
 243.4000000       0.00000e+00       0.00000e+00
 243.5000000       0.00000e+00       0.00000e+00
 243.6000000       0.00000e+00       0.00000e+00
 243.7000000       0.00000e+00       0.00000e+00
 243.8000000       0.00000e+00       0.00000e+00
 243.9000000       0.00000e+00       0.00000e+00
 244.0000000       0.00000e+00       0.00000e+00
 244.1000000       0.00000e+00       0.00000e+00
 244.2000000       0.00000e+00       0.00000e+00
 244.3000000       0.00000e+00       0.00000e+00
 244.4000000       0.00000e+00       0.00000e+00
 244.5000000       0.00000e+00       0.00000e+00
 244.6000000       0.00000e+00       0.00000e+00
 244.7000000       0.00000e+00       0.00000e+00
 244.8000000       0.00000e+00       0.00000e+00
 244.9000000       0.00000e+00       0.00000e+00
 245.0000000       0.00000e+00       0.00000e+00
 245.1000000       0.00000e+00       0.00000e+00
 245.2000000       0.00000e+00       0.00000e+00
 245.3000000       0.00000e+00       0.00000e+00
 245.4000000       0.00000e+00       0.00000e+00
 245.5000000       0.00000e+00       0.00000e+00
 245.6000000       0.00000e+00       0.00000e+00
 245.7000000       0.00000e+00       0.00000e+00
 245.8000000       0.00000e+00       0.00000e+00
 245.9000000       0.00000e+00       0.00000e+00
 246.0000000       0.00000e+00       0.00000e+00
 246.1000000       0.00000e+00       0.00000e+00
 246.2000000       0.00000e+00       0.00000e+00
 246.3000000       0.00000e+00       0.00000e+00
 246.4000000       0.00000e+00       0.00000e+00
 246.5000000       0.00000e+00       0.00000e+00
 246.6000000       0.00000e+00       0.00000e+00
 246.7000000       0.00000e+00       0.00000e+00
 246.8000000       0.00000e+00       0.00000e+00
 246.9000000       0.00000e+00       0.00000e+00
 247.0000000       0.00000e+00       0.00000e+00
 247.1000000       0.00000e+00       0.00000e+00
 247.2000000       0.00000e+00       0.00000e+00
 247.3000000       0.00000e+00       0.00000e+00
 247.4000000       0.00000e+00       0.00000e+00
 247.5000000       0.00000e+00       0.00000e+00
 247.6000000       0.00000e+00       0.00000e+00
 247.7000000       0.00000e+00       0.00000e+00
 247.8000000       0.00000e+00       0.00000e+00
 247.9000000       0.00000e+00       0.00000e+00
 248.0000000       0.00000e+00       0.00000e+00
 248.1000000       0.00000e+00       0.00000e+00
 248.2000000       0.00000e+00       0.00000e+00
 248.3000000       0.00000e+00       0.00000e+00
 248.4000000       0.00000e+00       0.00000e+00
 248.5000000       0.00000e+00       0.00000e+00
 248.6000000       0.00000e+00       0.00000e+00
 248.7000000       0.00000e+00       0.00000e+00
 248.8000000       0.00000e+00       0.00000e+00
 248.9000000       0.00000e+00       0.00000e+00
 249.0000000       0.00000e+00       0.00000e+00
 249.1000000       0.00000e+00       0.00000e+00
 249.2000000       0.00000e+00       0.00000e+00
 249.3000000       0.00000e+00       0.00000e+00
 249.4000000       0.00000e+00       0.00000e+00
 249.5000000       0.00000e+00       0.00000e+00
 249.6000000       0.00000e+00       0.00000e+00
 249.7000000       0.00000e+00       0.00000e+00
 249.8000000       0.00000e+00       0.00000e+00
 249.9000000       0.00000e+00       0.00000e+00
 250.0000000       0.00000e+00       0.00000e+00
 250.1000000       0.00000e+00       0.00000e+00
 250.2000000       0.00000e+00       0.00000e+00
 250.3000000       0.00000e+00       0.00000e+00
 250.4000000       0.00000e+00       0.00000e+00
 250.5000000       0.00000e+00       0.00000e+00
 250.6000000       0.00000e+00       0.00000e+00
 250.7000000       0.00000e+00       0.00000e+00
 250.8000000       0.00000e+00       0.00000e+00
 250.9000000       0.00000e+00       0.00000e+00
 251.0000000       0.00000e+00       0.00000e+00
 251.1000000       0.00000e+00       0.00000e+00
 251.2000000       0.00000e+00       0.00000e+00
 251.3000000       0.00000e+00       0.00000e+00
 251.4000000       0.00000e+00       0.00000e+00
 251.5000000       0.00000e+00       0.00000e+00
 251.6000000       0.00000e+00       0.00000e+00
 251.7000000       0.00000e+00       0.00000e+00
 251.8000000       0.00000e+00       0.00000e+00
 251.9000000       0.00000e+00       0.00000e+00
 252.0000000       0.00000e+00       0.00000e+00
 252.1000000       0.00000e+00       0.00000e+00
 252.2000000       0.00000e+00       0.00000e+00
 252.3000000       0.00000e+00       0.00000e+00
 252.4000000       0.00000e+00       0.00000e+00
 252.5000000       0.00000e+00       0.00000e+00
 252.6000000       0.00000e+00       0.00000e+00
 252.7000000       0.00000e+00       0.00000e+00
 252.8000000       0.00000e+00       0.00000e+00
 252.9000000       0.00000e+00       0.00000e+00
 253.0000000       0.00000e+00       0.00000e+00
 253.1000000       0.00000e+00       0.00000e+00
 253.2000000       0.00000e+00       0.00000e+00
 253.3000000       0.00000e+00       0.00000e+00
 253.4000000       0.00000e+00       0.00000e+00
 253.5000000       0.00000e+00       0.00000e+00
 253.6000000       0.00000e+00       0.00000e+00
 253.7000000       0.00000e+00       0.00000e+00
 253.8000000       0.00000e+00       0.00000e+00
 253.9000000       0.00000e+00       0.00000e+00
 254.0000000       0.00000e+00       0.00000e+00
 254.1000000       0.00000e+00       0.00000e+00
 254.2000000       0.00000e+00       0.00000e+00
 254.3000000       0.00000e+00       0.00000e+00
 254.4000000       0.00000e+00       0.00000e+00
 254.5000000       0.00000e+00       0.00000e+00
 254.6000000       0.00000e+00       0.00000e+00
 254.7000000       0.00000e+00       0.00000e+00
 254.8000000       0.00000e+00       0.00000e+00
 254.9000000       0.00000e+00       0.00000e+00
 255.0000000       0.00000e+00       0.00000e+00
 255.1000000       0.00000e+00       0.00000e+00
 255.2000000       0.00000e+00       0.00000e+00
 255.3000000       0.00000e+00       0.00000e+00
 255.4000000       0.00000e+00       0.00000e+00
 255.5000000       0.00000e+00       0.00000e+00
 255.6000000       0.00000e+00       0.00000e+00
 255.7000000       0.00000e+00       0.00000e+00
 255.8000000       0.00000e+00       0.00000e+00
 255.9000000       0.00000e+00       0.00000e+00
 256.0000000       0.00000e+00       0.00000e+00
 256.1000000       0.00000e+00       0.00000e+00
 256.2000000       0.00000e+00       0.00000e+00
 256.3000000       0.00000e+00       0.00000e+00
 256.4000000       0.00000e+00       0.00000e+00
 256.5000000       0.00000e+00       0.00000e+00
 256.6000000       0.00000e+00       0.00000e+00
 256.7000000       0.00000e+00       0.00000e+00
 256.8000000       0.00000e+00       0.00000e+00
 256.9000000       0.00000e+00       0.00000e+00
 257.0000000       0.00000e+00       0.00000e+00
 257.1000000       0.00000e+00       0.00000e+00
 257.2000000       0.00000e+00       0.00000e+00
 257.3000000       0.00000e+00       0.00000e+00
 257.4000000       0.00000e+00       0.00000e+00
 257.5000000       0.00000e+00       0.00000e+00
 257.6000000       0.00000e+00       0.00000e+00
 257.7000000       0.00000e+00       0.00000e+00
 257.8000000       0.00000e+00       0.00000e+00
 257.9000000       0.00000e+00       0.00000e+00
 258.0000000       0.00000e+00       0.00000e+00
 258.1000000       0.00000e+00       0.00000e+00
 258.2000000       0.00000e+00       0.00000e+00
 258.3000000       0.00000e+00       0.00000e+00
 258.4000000       0.00000e+00       0.00000e+00
 258.5000000       0.00000e+00       0.00000e+00
 258.6000000       0.00000e+00       0.00000e+00
 258.7000000       0.00000e+00       0.00000e+00
 258.8000000       0.00000e+00       0.00000e+00
 258.9000000       0.00000e+00       0.00000e+00
 259.0000000       0.00000e+00       0.00000e+00
 259.1000000       0.00000e+00       0.00000e+00
 259.2000000       0.00000e+00       0.00000e+00
 259.3000000       0.00000e+00       0.00000e+00
 259.4000000       0.00000e+00       0.00000e+00
 259.5000000       0.00000e+00       0.00000e+00
 259.6000000       0.00000e+00       0.00000e+00
 259.7000000       0.00000e+00       0.00000e+00
 259.8000000       0.00000e+00       0.00000e+00
 259.9000000       0.00000e+00       0.00000e+00
 260.0000000       0.00000e+00       0.00000e+00
 260.1000000       0.00000e+00       0.00000e+00
 260.2000000       0.00000e+00       0.00000e+00
 260.3000000       0.00000e+00       0.00000e+00
 260.4000000       0.00000e+00       0.00000e+00
 260.5000000       0.00000e+00       0.00000e+00
 260.6000000       0.00000e+00       0.00000e+00
 260.7000000       0.00000e+00       0.00000e+00
 260.8000000       0.00000e+00       0.00000e+00
 260.9000000       0.00000e+00       0.00000e+00
 261.0000000       0.00000e+00       0.00000e+00
 261.1000000       0.00000e+00       0.00000e+00
 261.2000000       0.00000e+00       0.00000e+00
 261.3000000       0.00000e+00       0.00000e+00
 261.4000000       0.00000e+00       0.00000e+00
 261.5000000       0.00000e+00       0.00000e+00
 261.6000000       0.00000e+00       0.00000e+00
 261.7000000       0.00000e+00       0.00000e+00
 261.8000000       0.00000e+00       0.00000e+00
 261.9000000       0.00000e+00       0.00000e+00
 262.0000000       0.00000e+00       0.00000e+00
 262.1000000       0.00000e+00       0.00000e+00
 262.2000000       0.00000e+00       0.00000e+00
 262.3000000       0.00000e+00       0.00000e+00
 262.4000000       0.00000e+00       0.00000e+00
 262.5000000       0.00000e+00       0.00000e+00
 262.6000000       0.00000e+00       0.00000e+00
 262.7000000       0.00000e+00       0.00000e+00
 262.8000000       0.00000e+00       0.00000e+00
 262.9000000       0.00000e+00       0.00000e+00
 263.0000000       0.00000e+00       0.00000e+00
 263.1000000       0.00000e+00       0.00000e+00
 263.2000000       0.00000e+00       0.00000e+00
 263.3000000       0.00000e+00       0.00000e+00
 263.4000000       0.00000e+00       0.00000e+00
 263.5000000       0.00000e+00       0.00000e+00
 263.6000000       0.00000e+00       0.00000e+00
 263.7000000       0.00000e+00       0.00000e+00
 263.8000000       0.00000e+00       0.00000e+00
 263.9000000       0.00000e+00       0.00000e+00
 264.0000000       0.00000e+00       0.00000e+00
 264.1000000       0.00000e+00       0.00000e+00
 264.2000000       0.00000e+00       0.00000e+00
 264.3000000       0.00000e+00       0.00000e+00
 264.4000000       0.00000e+00       0.00000e+00
 264.5000000       0.00000e+00       0.00000e+00
 264.6000000       0.00000e+00       0.00000e+00
 264.7000000       0.00000e+00       0.00000e+00
 264.8000000       0.00000e+00       0.00000e+00
 264.9000000       0.00000e+00       0.00000e+00
 265.0000000       0.00000e+00       0.00000e+00
 265.1000000       0.00000e+00       0.00000e+00
 265.2000000       0.00000e+00       0.00000e+00
 265.3000000       0.00000e+00       0.00000e+00
 265.4000000       0.00000e+00       0.00000e+00
 265.5000000       0.00000e+00       0.00000e+00
 265.6000000       0.00000e+00       0.00000e+00
 265.7000000       0.00000e+00       0.00000e+00
 265.8000000       0.00000e+00       0.00000e+00
 265.9000000       0.00000e+00       0.00000e+00
 266.0000000       0.00000e+00       0.00000e+00
 266.1000000       0.00000e+00       0.00000e+00
 266.2000000       0.00000e+00       0.00000e+00
 266.3000000       0.00000e+00       0.00000e+00
 266.4000000       0.00000e+00       0.00000e+00
 266.5000000       0.00000e+00       0.00000e+00
 266.6000000       0.00000e+00       0.00000e+00
 266.7000000       0.00000e+00       0.00000e+00
 266.8000000       0.00000e+00       0.00000e+00
 266.9000000       0.00000e+00       0.00000e+00
 267.0000000       0.00000e+00       0.00000e+00
 267.1000000       0.00000e+00       0.00000e+00
 267.2000000       0.00000e+00       0.00000e+00
 267.3000000       0.00000e+00       0.00000e+00
 267.4000000       0.00000e+00       0.00000e+00
 267.5000000       0.00000e+00       0.00000e+00
 267.6000000       0.00000e+00       0.00000e+00
 267.7000000       0.00000e+00       0.00000e+00
 267.8000000       0.00000e+00       0.00000e+00
 267.9000000       0.00000e+00       0.00000e+00
 268.0000000       0.00000e+00       0.00000e+00
 268.1000000       0.00000e+00       0.00000e+00
 268.2000000       0.00000e+00       0.00000e+00
 268.3000000       0.00000e+00       0.00000e+00
 268.4000000       0.00000e+00       0.00000e+00
 268.5000000       0.00000e+00       0.00000e+00
 268.6000000       0.00000e+00       0.00000e+00
 268.7000000       0.00000e+00       0.00000e+00
 268.8000000       0.00000e+00       0.00000e+00
 268.9000000       0.00000e+00       0.00000e+00
 269.0000000       0.00000e+00       0.00000e+00
 269.1000000       0.00000e+00       0.00000e+00
 269.2000000       0.00000e+00       0.00000e+00
 269.3000000       0.00000e+00       0.00000e+00
 269.4000000       0.00000e+00       0.00000e+00
 269.5000000       0.00000e+00       0.00000e+00
 269.6000000       0.00000e+00       0.00000e+00
 269.7000000       0.00000e+00       0.00000e+00
 269.8000000       0.00000e+00       0.00000e+00
 269.9000000       0.00000e+00       0.00000e+00
 270.0000000       0.00000e+00       0.00000e+00
 270.1000000       0.00000e+00       0.00000e+00
 270.2000000       0.00000e+00       0.00000e+00
 270.3000000       0.00000e+00       0.00000e+00
 270.4000000       0.00000e+00       0.00000e+00
 270.5000000       0.00000e+00       0.00000e+00
 270.6000000       0.00000e+00       0.00000e+00
 270.7000000       0.00000e+00       0.00000e+00
 270.8000000       0.00000e+00       0.00000e+00
 270.9000000       0.00000e+00       0.00000e+00
 271.0000000       0.00000e+00       0.00000e+00
 271.1000000       0.00000e+00       0.00000e+00
 271.2000000       0.00000e+00       0.00000e+00
 271.3000000       0.00000e+00       0.00000e+00
 271.4000000       0.00000e+00       0.00000e+00
 271.5000000       0.00000e+00       0.00000e+00
 271.6000000       0.00000e+00       0.00000e+00
 271.7000000       0.00000e+00       0.00000e+00
 271.8000000       0.00000e+00       0.00000e+00
 271.9000000       2.73328e-29       2.73328e-29
 272.0000000       3.04420e-28       3.04420e-28
 272.1000000       1.55122e-27       1.55122e-27
 272.2000000       7.36291e-27       7.36291e-27
 272.3000000       3.30914e-26       3.30914e-26
 272.4000000       1.40823e-25       1.40823e-25
 272.5000000       5.67439e-25       5.67439e-25
 272.6000000       2.16499e-24       2.16499e-24
 272.7000000       7.82133e-24       7.82133e-24
 272.8000000       2.67542e-23       2.67542e-23
 272.9000000       8.66541e-23       8.66541e-23
 273.0000000       2.65748e-22       2.65748e-22
 273.1000000       7.71668e-22       7.71668e-22
 273.2000000       2.12164e-21       2.12164e-21
 273.3000000       5.52317e-21       5.52317e-21
 273.4000000       1.36138e-20       1.36138e-20
 273.5000000       3.17719e-20       3.17719e-20
 273.6000000       7.02061e-20       7.02061e-20
 273.7000000       1.46884e-19       1.46884e-19
 273.8000000       2.90962e-19       2.90962e-19
 273.9000000       5.45708e-19       5.45708e-19
 274.0000000       9.69045e-19       9.69045e-19
 274.1000000       1.62924e-18       1.62924e-18
 274.2000000       2.59346e-18       2.59346e-18
 274.3000000       3.90865e-18       3.90865e-18
 274.4000000       5.57731e-18       5.57731e-18
 274.5000000       7.53481e-18       7.53481e-18
 274.6000000       9.63758e-18       9.63758e-18
 274.7000000       1.16711e-17       1.16711e-17
 274.8000000       1.33813e-17       1.33813e-17
 274.9000000       1.45255e-17       1.45255e-17
 275.0000000       1.49282e-17       1.49282e-17
 275.1000000       1.45255e-17       1.45255e-17
 275.2000000       1.33813e-17       1.33813e-17
 275.3000000       1.16711e-17       1.16711e-17
 275.4000000       9.63758e-18       9.63758e-18
 275.5000000       7.53481e-18       7.53481e-18
 275.6000000       5.57731e-18       5.57731e-18
 275.7000000       3.90865e-18       3.90865e-18
 275.8000000       2.59346e-18       2.59346e-18
 275.9000000       1.62924e-18       1.62924e-18
 276.0000000       9.69045e-19       9.69045e-19
 276.1000000       5.45708e-19       5.45708e-19
 276.2000000       2.90962e-19       2.90962e-19
 276.3000000       1.46884e-19       1.46884e-19
 276.4000000       7.02061e-20       7.02061e-20
 276.5000000       3.17719e-20       3.17719e-20
 276.6000000       1.36138e-20       1.36138e-20
 276.7000000       5.52317e-21       5.52317e-21
 276.8000000       2.12164e-21       2.12164e-21
 276.9000000       7.71668e-22       7.71668e-22
 277.0000000       2.65748e-22       2.65748e-22
 277.1000000       8.66541e-23       8.66541e-23
 277.2000000       2.67542e-23       2.67542e-23
 277.3000000       7.82133e-24       7.82133e-24
 277.4000000       2.16499e-24       2.16499e-24
 277.5000000       5.67439e-25       5.67439e-25
 277.6000000       1.40823e-25       1.40823e-25
 277.7000000       3.30914e-26       3.30914e-26
 277.8000000       7.36285e-27       7.36285e-27
 277.9000000       1.59405e-27       1.59405e-27
 278.0000000       5.61447e-28       5.61447e-28
 278.1000000       1.40393e-28       1.40393e-28
