# HCN cross sections
# Alan Heays 2016-01-28
# Reference: west1974, nuth1982, lee1980, dibeler1968
# photoabsorption   -- Photoabsorption cross section (cm2)
# photodissociation -- Photodissociation cross section (cm2)
# photoionisation   -- Photoionisation cross section (cm2)
# 
# wavelength   photoabsorption photodissociation   photoionisation
  62.8000000       2.42402e-17       0.00000e+00       2.42402e-17
  62.9000000       2.41823e-17       0.00000e+00       2.41823e-17
  63.0000000       2.41052e-17       0.00000e+00       2.41052e-17
  63.1000000       2.40281e-17       0.00000e+00       2.40281e-17
  63.2000000       2.39510e-17       0.00000e+00       2.39510e-17
  63.3000000       2.38446e-17       0.00000e+00       2.38446e-17
  63.4000000       2.36910e-17       0.00000e+00       2.36910e-17
  63.5000000       2.35367e-17       0.00000e+00       2.35367e-17
  63.6000000       2.33825e-17       0.00000e+00       2.33825e-17
  63.7000000       2.32283e-17       0.00000e+00       2.32283e-17
  63.8000000       2.30886e-17       0.00000e+00       2.30886e-17
  63.9000000       2.30639e-17       0.00000e+00       2.30639e-17
  64.0000000       2.30639e-17       0.00000e+00       2.30639e-17
  64.1000000       2.30639e-17       0.00000e+00       2.30639e-17
  64.2000000       2.30639e-17       0.00000e+00       2.30639e-17
  64.3000000       2.30639e-17       0.00000e+00       2.30639e-17
  64.4000000       2.30639e-17       0.00000e+00       2.30639e-17
  64.5000000       2.30639e-17       0.00000e+00       2.30639e-17
  64.6000000       2.30639e-17       0.00000e+00       2.30639e-17
  64.7000000       2.30639e-17       0.00000e+00       2.30639e-17
  64.8000000       2.30639e-17       0.00000e+00       2.30639e-17
  64.9000000       2.30758e-17       0.00000e+00       2.30758e-17
  65.0000000       2.31454e-17       0.00000e+00       2.31454e-17
  65.1000000       2.32225e-17       0.00000e+00       2.32225e-17
  65.2000000       2.32996e-17       0.00000e+00       2.32996e-17
  65.3000000       2.33767e-17       0.00000e+00       2.33767e-17
  65.4000000       2.34522e-17       0.00000e+00       2.34522e-17
  65.5000000       2.33877e-17       0.00000e+00       2.33877e-17
  65.6000000       2.32335e-17       0.00000e+00       2.32335e-17
  65.7000000       2.30793e-17       0.00000e+00       2.30793e-17
  65.8000000       2.29251e-17       0.00000e+00       2.29251e-17
  65.9000000       2.27709e-17       0.00000e+00       2.27709e-17
  66.0000000       2.26881e-17       0.00000e+00       2.26881e-17
  66.1000000       2.28267e-17       0.00000e+00       2.28267e-17
  66.2000000       2.29809e-17       0.00000e+00       2.29809e-17
  66.3000000       2.31351e-17       0.00000e+00       2.31351e-17
  66.4000000       2.32894e-17       0.00000e+00       2.32894e-17
  66.5000000       2.34390e-17       0.00000e+00       2.34390e-17
  66.6000000       2.34832e-17       0.00000e+00       2.34832e-17
  66.7000000       2.34832e-17       0.00000e+00       2.34832e-17
  66.8000000       2.34832e-17       0.00000e+00       2.34832e-17
  66.9000000       2.34832e-17       0.00000e+00       2.34832e-17
  67.0000000       2.34832e-17       0.00000e+00       2.34832e-17
  67.1000000       2.35082e-17       0.00000e+00       2.35082e-17
  67.2000000       2.35838e-17       0.00000e+00       2.35838e-17
  67.3000000       2.36610e-17       0.00000e+00       2.36610e-17
  67.4000000       2.37381e-17       0.00000e+00       2.37381e-17
  67.5000000       2.38152e-17       0.00000e+00       2.38152e-17
  67.6000000       2.38965e-17       0.00000e+00       2.38965e-17
  67.7000000       2.40229e-17       0.00000e+00       2.40229e-17
  67.8000000       2.41617e-17       0.00000e+00       2.41617e-17
  67.9000000       2.43005e-17       0.00000e+00       2.43005e-17
  68.0000000       2.44393e-17       0.00000e+00       2.44393e-17
  68.1000000       2.45781e-17       0.00000e+00       2.45781e-17
  68.2000000       2.47096e-17       0.00000e+00       2.47096e-17
  68.3000000       2.47412e-17       0.00000e+00       2.47412e-17
  68.4000000       2.47412e-17       0.00000e+00       2.47412e-17
  68.5000000       2.47412e-17       0.00000e+00       2.47412e-17
  68.6000000       2.47412e-17       0.00000e+00       2.47412e-17
  68.7000000       2.47412e-17       0.00000e+00       2.47412e-17
  68.8000000       2.47958e-17       0.00000e+00       2.47958e-17
  68.9000000       2.49337e-17       0.00000e+00       2.49337e-17
  69.0000000       2.50725e-17       0.00000e+00       2.50725e-17
  69.1000000       2.52113e-17       0.00000e+00       2.52113e-17
  69.2000000       2.53501e-17       0.00000e+00       2.53501e-17
  69.3000000       2.54889e-17       0.00000e+00       2.54889e-17
  69.4000000       2.55782e-17       0.00000e+00       2.55782e-17
  69.5000000       2.55799e-17       0.00000e+00       2.55799e-17
  69.6000000       2.55799e-17       0.00000e+00       2.55799e-17
  69.7000000       2.55799e-17       0.00000e+00       2.55799e-17
  69.8000000       2.55799e-17       0.00000e+00       2.55799e-17
  69.9000000       2.55799e-17       0.00000e+00       2.55799e-17
  70.0000000       2.56543e-17       0.00000e+00       2.56543e-17
  70.1000000       2.58811e-17       0.00000e+00       2.58811e-17
  70.2000000       2.61125e-17       0.00000e+00       2.61125e-17
  70.3000000       2.63438e-17       0.00000e+00       2.63438e-17
  70.4000000       2.65752e-17       0.00000e+00       2.65752e-17
  70.5000000       2.68065e-17       0.00000e+00       2.68065e-17
  70.6000000       2.70378e-17       0.00000e+00       2.70378e-17
  70.7000000       2.72692e-17       0.00000e+00       2.72692e-17
  70.8000000       2.75005e-17       0.00000e+00       2.75005e-17
  70.9000000       2.77319e-17       0.00000e+00       2.77319e-17
  71.0000000       2.79632e-17       0.00000e+00       2.79632e-17
  71.1000000       2.82276e-17       0.00000e+00       2.82276e-17
  71.2000000       2.85359e-17       0.00000e+00       2.85359e-17
  71.3000000       2.88444e-17       0.00000e+00       2.88444e-17
  71.4000000       2.91528e-17       0.00000e+00       2.91528e-17
  71.5000000       2.94613e-17       0.00000e+00       2.94613e-17
  71.6000000       2.97434e-17       0.00000e+00       2.97434e-17
  71.7000000       2.98592e-17       0.00000e+00       2.98592e-17
  71.8000000       2.99459e-17       0.00000e+00       2.99459e-17
  71.9000000       3.00327e-17       0.00000e+00       3.00327e-17
  72.0000000       3.01194e-17       0.00000e+00       3.01194e-17
  72.1000000       3.02041e-17       0.00000e+00       3.02041e-17
  72.2000000       3.02817e-17       0.00000e+00       3.02817e-17
  72.3000000       3.03588e-17       0.00000e+00       3.03588e-17
  72.4000000       3.04359e-17       0.00000e+00       3.04359e-17
  72.5000000       3.05130e-17       0.00000e+00       3.05130e-17
  72.6000000       3.05899e-17       0.00000e+00       3.05899e-17
  72.7000000       3.06617e-17       0.00000e+00       3.06617e-17
  72.8000000       3.07311e-17       0.00000e+00       3.07311e-17
  72.9000000       3.08005e-17       0.00000e+00       3.08005e-17
  73.0000000       3.08699e-17       0.00000e+00       3.08699e-17
  73.1000000       3.09393e-17       0.00000e+00       3.09393e-17
  73.2000000       3.10088e-17       0.00000e+00       3.10088e-17
  73.3000000       3.10833e-17       0.00000e+00       3.10833e-17
  73.4000000       3.11604e-17       0.00000e+00       3.11604e-17
  73.5000000       3.12376e-17       0.00000e+00       3.12376e-17
  73.6000000       3.13147e-17       0.00000e+00       3.13147e-17
  73.7000000       3.13919e-17       0.00000e+00       3.13919e-17
  73.8000000       3.14482e-17       0.00000e+00       3.14482e-17
  73.9000000       3.14508e-17       0.00000e+00       3.14508e-17
  74.0000000       3.14508e-17       0.00000e+00       3.14508e-17
  74.1000000       3.14508e-17       0.00000e+00       3.14508e-17
  74.2000000       3.14508e-17       0.00000e+00       3.14508e-17
  74.3000000       3.14155e-17       0.00000e+00       3.14155e-17
  74.4000000       3.13292e-17       0.00000e+00       3.13292e-17
  74.5000000       3.12424e-17       0.00000e+00       3.12424e-17
  74.6000000       3.11556e-17       0.00000e+00       3.11556e-17
  74.7000000       3.10690e-17       0.00000e+00       3.10690e-17
  74.8000000       3.10313e-17       0.00000e+00       3.10313e-17
  74.9000000       3.10313e-17       0.00000e+00       3.10313e-17
  75.0000000       3.10313e-17       0.00000e+00       3.10313e-17
  75.1000000       3.10313e-17       0.00000e+00       3.10313e-17
  75.2000000       3.10313e-17       0.00000e+00       3.10313e-17
  75.3000000       3.10312e-17       0.00000e+00       3.10312e-17
  75.4000000       3.08944e-17       0.00000e+00       3.08944e-17
  75.5000000       3.06342e-17       0.00000e+00       3.06342e-17
  75.6000000       3.03740e-17       0.00000e+00       3.03740e-17
  75.7000000       3.01138e-17       0.00000e+00       3.01138e-17
  75.8000000       2.98613e-17       0.00000e+00       2.98613e-17
  75.9000000       2.98802e-17       0.00000e+00       2.98802e-17
  76.0000000       3.00344e-17       0.00000e+00       3.00344e-17
  76.1000000       3.01886e-17       0.00000e+00       3.01886e-17
  76.2000000       3.03428e-17       0.00000e+00       3.03428e-17
  76.3000000       3.04970e-17       0.00000e+00       3.04970e-17
  76.4000000       3.06074e-17       0.00000e+00       3.06074e-17
  76.5000000       3.06120e-17       0.00000e+00       3.06120e-17
  76.6000000       3.06120e-17       0.00000e+00       3.06120e-17
  76.7000000       3.06120e-17       0.00000e+00       3.06120e-17
  76.8000000       3.06120e-17       0.00000e+00       3.06120e-17
  76.9000000       3.06236e-17       0.00000e+00       3.06236e-17
  77.0000000       3.08008e-17       0.00000e+00       3.08008e-17
  77.1000000       3.10322e-17       0.00000e+00       3.10322e-17
  77.2000000       3.12635e-17       0.00000e+00       3.12635e-17
  77.3000000       3.14949e-17       0.00000e+00       3.14949e-17
  77.4000000       3.17262e-17       0.00000e+00       3.17262e-17
  77.5000000       3.19219e-17       0.00000e+00       3.19219e-17
  77.6000000       3.20613e-17       0.00000e+00       3.20613e-17
  77.7000000       3.22001e-17       0.00000e+00       3.22001e-17
  77.8000000       3.23388e-17       0.00000e+00       3.23388e-17
  77.9000000       3.24776e-17       0.00000e+00       3.24776e-17
  78.0000000       3.26164e-17       0.00000e+00       3.26164e-17
  78.1000000       3.27975e-17       0.00000e+00       3.27975e-17
  78.2000000       3.30561e-17       0.00000e+00       3.30561e-17
  78.3000000       3.33165e-17       0.00000e+00       3.33165e-17
  78.4000000       3.35768e-17       0.00000e+00       3.35768e-17
  78.5000000       3.38371e-17       0.00000e+00       3.38371e-17
  78.6000000       3.40712e-17       0.00000e+00       3.40712e-17
  78.7000000       3.42794e-17       0.00000e+00       3.42794e-17
  78.8000000       3.44876e-17       0.00000e+00       3.44876e-17
  78.9000000       3.46958e-17       0.00000e+00       3.46958e-17
  79.0000000       3.49040e-17       0.00000e+00       3.49040e-17
  79.1000000       3.51122e-17       0.00000e+00       3.51122e-17
  79.2000000       3.52601e-17       0.00000e+00       3.52601e-17
  79.3000000       3.53373e-17       0.00000e+00       3.53373e-17
  79.4000000       3.54144e-17       0.00000e+00       3.54144e-17
  79.5000000       3.54915e-17       0.00000e+00       3.54915e-17
  79.6000000       3.55686e-17       0.00000e+00       3.55686e-17
  79.7000000       3.56588e-17       0.00000e+00       3.56588e-17
  79.8000000       3.58212e-17       0.00000e+00       3.58212e-17
  79.9000000       3.59947e-17       0.00000e+00       3.59947e-17
  80.0000000       3.61683e-17       0.00000e+00       3.61683e-17
  80.1000000       3.63418e-17       0.00000e+00       3.63418e-17
  80.2000000       3.64926e-17       0.00000e+00       3.64926e-17
  80.3000000       3.65744e-17       0.00000e+00       3.65744e-17
  80.4000000       3.66515e-17       0.00000e+00       3.66515e-17
  80.5000000       3.67286e-17       0.00000e+00       3.67286e-17
  80.6000000       3.68057e-17       0.00000e+00       3.68057e-17
  80.7000000       3.68782e-17       0.00000e+00       3.68782e-17
  80.8000000       3.68502e-17       0.00000e+00       3.68502e-17
  80.9000000       3.67808e-17       0.00000e+00       3.67808e-17
  81.0000000       3.67114e-17       0.00000e+00       3.67114e-17
  81.1000000       3.66420e-17       0.00000e+00       3.66420e-17
  81.2000000       3.65726e-17       0.00000e+00       3.65726e-17
  81.3000000       3.65014e-17       0.00000e+00       3.65014e-17
  81.4000000       3.63738e-17       0.00000e+00       3.63738e-17
  81.5000000       3.62196e-17       0.00000e+00       3.62196e-17
  81.6000000       3.60653e-17       0.00000e+00       3.60653e-17
  81.7000000       3.59111e-17       0.00000e+00       3.59111e-17
  81.8000000       3.57568e-17       0.00000e+00       3.57568e-17
  81.9000000       3.55712e-17       0.00000e+00       3.55712e-17
  82.0000000       3.53139e-17       0.00000e+00       3.53139e-17
  82.1000000       3.50537e-17       0.00000e+00       3.50537e-17
  82.2000000       3.47935e-17       0.00000e+00       3.47935e-17
  82.3000000       3.45333e-17       0.00000e+00       3.45333e-17
  82.4000000       3.42731e-17       1.75044e-20       3.42555e-17
  82.5000000       3.40128e-17       5.74652e-20       3.39553e-17
  82.6000000       3.37525e-17       9.75106e-20       3.36550e-17
  82.7000000       3.34923e-17       1.37556e-19       3.33547e-17
  82.8000000       3.32320e-17       1.78246e-19       3.30538e-17
  82.9000000       3.29718e-17       2.93583e-19       3.26782e-17
  83.0000000       3.27115e-17       4.59979e-19       3.22515e-17
  83.1000000       3.24513e-17       6.26374e-19       3.18249e-17
  83.2000000       3.21910e-17       7.92769e-19       3.13982e-17
  83.3000000       3.19246e-17       9.48950e-19       3.09756e-17
  83.4000000       3.15374e-17       9.05749e-19       3.06316e-17
  83.5000000       3.11036e-17       7.85558e-19       3.03180e-17
  83.6000000       3.06697e-17       6.65367e-19       3.00044e-17
  83.7000000       3.02359e-17       5.45176e-19       2.96908e-17
  83.8000000       2.98266e-17       4.47629e-19       2.93790e-17
  83.9000000       2.96114e-17       5.29366e-19       2.90821e-17
  84.0000000       2.94379e-17       6.49616e-19       2.87883e-17
  84.1000000       2.92644e-17       7.69867e-19       2.84945e-17
  84.2000000       2.90909e-17       8.90117e-19       2.82007e-17
  84.3000000       2.88861e-17       9.89299e-19       2.78968e-17
  84.4000000       2.85530e-17       1.00187e-18       2.75511e-17
  84.5000000       2.82060e-17       1.00507e-18       2.72009e-17
  84.6000000       2.78590e-17       1.00827e-18       2.68507e-17
  84.7000000       2.75120e-17       1.01147e-18       2.65005e-17
  84.8000000       2.71989e-17       1.03787e-18       2.61611e-17
  84.9000000       2.69644e-17       1.11795e-18       2.58465e-17
  85.0000000       2.67331e-17       1.20020e-18       2.55329e-17
  85.1000000       2.65018e-17       1.28245e-18       2.52193e-17
  85.2000000       2.62704e-17       1.36470e-18       2.49057e-17
  85.3000000       2.60432e-17       1.44997e-18       2.45933e-17
  85.4000000       2.58716e-17       1.57570e-18       2.42959e-17
  85.5000000       2.57174e-17       1.71412e-18       2.40032e-17
  85.6000000       2.55631e-17       1.85255e-18       2.37106e-17
  85.7000000       2.54089e-17       1.99097e-18       2.34179e-17
  85.8000000       2.52547e-17       2.12939e-18       2.31253e-17
  85.9000000       2.50699e-17       2.20842e-18       2.28615e-17
  86.0000000       2.48390e-17       2.19779e-18       2.26412e-17
  86.1000000       2.46077e-17       2.18626e-18       2.24214e-17
  86.2000000       2.43763e-17       2.17472e-18       2.22016e-17
  86.3000000       2.41450e-17       2.16319e-18       2.19818e-17
  86.4000000       2.39107e-17       2.14659e-18       2.17641e-17
  86.5000000       2.36548e-17       2.09290e-18       2.15619e-17
  86.6000000       2.33946e-17       2.03177e-18       2.13628e-17
  86.7000000       2.31343e-17       1.97063e-18       2.11637e-17
  86.8000000       2.28741e-17       1.90950e-18       2.09646e-17
  86.9000000       2.26470e-17       1.88277e-18       2.07642e-17
  87.0000000       2.25476e-17       1.98866e-18       2.05589e-17
  87.1000000       2.24608e-17       2.10769e-18       2.03531e-17
  87.2000000       2.23741e-17       2.22673e-18       2.01473e-17
  87.3000000       2.22873e-17       2.34576e-18       1.99415e-17
  87.4000000       2.22485e-17       2.50783e-18       1.97407e-17
  87.5000000       2.23143e-17       2.76361e-18       1.95507e-17
  87.6000000       2.23837e-17       3.02265e-18       1.93611e-17
  87.7000000       2.24531e-17       3.28170e-18       1.91714e-17
  87.8000000       2.25225e-17       3.54074e-18       1.89818e-17
  87.9000000       2.25919e-17       3.79979e-18       1.87921e-17
  88.0000000       2.25945e-17       4.03364e-18       1.85608e-17
  88.1000000       2.24291e-17       4.20420e-18       1.82249e-17
  88.2000000       2.22556e-17       4.37171e-18       1.78838e-17
  88.3000000       2.20821e-17       4.53922e-18       1.75428e-17
  88.4000000       2.19086e-17       4.70673e-18       1.72018e-17
  88.5000000       2.17748e-17       4.94202e-18       1.68328e-17
  88.6000000       2.16973e-17       5.27324e-18       1.64240e-17
  88.7000000       2.16201e-17       5.60516e-18       1.60150e-17
  88.8000000       2.15430e-17       5.93708e-18       1.56060e-17
  88.9000000       2.14659e-17       6.26900e-18       1.51969e-17
  89.0000000       2.14050e-17       6.56645e-18       1.48385e-17
  89.1000000       2.14538e-17       6.63017e-18       1.48236e-17
  89.2000000       2.15232e-17       6.65007e-18       1.48731e-17
  89.3000000       2.15926e-17       6.66997e-18       1.49226e-17
  89.4000000       2.16620e-17       6.68987e-18       1.49721e-17
  89.5000000       2.17314e-17       6.70977e-18       1.50216e-17
  89.6000000       2.17185e-17       6.72466e-18       1.49939e-17
  89.7000000       2.10338e-17       6.69860e-18       1.43352e-17
  89.8000000       2.02009e-17       6.66352e-18       1.35374e-17
  89.9000000       1.94825e-17       6.77721e-18       1.27053e-17
  90.0000000       1.97928e-17       8.22871e-18       1.15641e-17
  90.1000000       2.03481e-17       9.99864e-18       1.03494e-17
  90.2000000       2.08401e-17       1.16255e-17       9.21461e-18
  90.3000000       2.07039e-17       1.18301e-17       8.87384e-18
  90.4000000       2.04064e-17       1.16695e-17       8.73689e-18
  90.5000000       2.01089e-17       1.15090e-17       8.59993e-18
  90.6000000       1.98432e-17       1.13805e-17       8.46267e-18
  90.7000000       2.12264e-17       1.29171e-17       8.30934e-18
  90.8000000       2.33830e-17       1.52344e-17       8.14860e-18
  90.9000000       2.36100e-17       1.56021e-17       8.00798e-18
  91.0000000       2.32630e-17       1.53897e-17       7.87336e-18
  91.1000000       2.22168e-17       1.46292e-17       7.58766e-18
  91.2000000       2.08075e-17       1.47633e-17       6.04426e-18
  91.3000000       1.95931e-17       1.54668e-17       4.12630e-18
  91.4000000       1.91601e-17       1.66677e-17       2.49234e-18
  91.5000000       1.98439e-17       1.85745e-17       1.26937e-18
  91.6000000       2.03339e-17       1.96508e-17       6.83057e-19
  91.7000000       2.06809e-17       2.01366e-17       5.44306e-19
  91.8000000       2.18978e-17       2.14740e-17       4.23871e-19
  91.9000000       2.50797e-17       2.47135e-17       3.66170e-19
  92.0000000       2.30916e-17       2.27453e-17       3.46367e-19
  92.1000000       2.07278e-17       2.03949e-17       3.32946e-19
  92.2000000       2.05248e-17       2.02081e-17       3.16760e-19
  92.3000000       2.03290e-17       2.00492e-17       2.79808e-19
  92.4000000       1.97271e-17       1.95099e-17       2.17216e-19
  92.5000000       1.82697e-17       1.81848e-17       8.49353e-20
  92.6000000       2.08848e-17       2.08682e-17       1.66016e-20
  92.7000000       2.49797e-17       2.49797e-17       0.00000e+00
  92.8000000       2.43011e-17       2.43011e-17       0.00000e+00
  92.9000000       1.86567e-17       1.86567e-17       0.00000e+00
  93.0000000       1.82829e-17       1.82829e-17       0.00000e+00
  93.1000000       1.56768e-17       1.56768e-17       0.00000e+00
  93.2000000       1.97248e-17       1.97248e-17       0.00000e+00
  93.3000000       3.03828e-17       3.03828e-17       0.00000e+00
  93.4000000       4.09083e-17       4.09083e-17       0.00000e+00
  93.5000000       2.77799e-17       2.77799e-17       0.00000e+00
  93.6000000       2.11764e-17       2.11764e-17       0.00000e+00
  93.7000000       3.09366e-17       3.09366e-17       0.00000e+00
  93.8000000       2.66783e-17       2.66783e-17       0.00000e+00
  93.9000000       1.95217e-17       1.95217e-17       0.00000e+00
  94.0000000       2.01922e-17       2.01922e-17       0.00000e+00
  94.1000000       3.10696e-17       3.10696e-17       0.00000e+00
  94.2000000       3.97119e-17       3.97119e-17       0.00000e+00
  94.3000000       3.24343e-17       3.24343e-17       0.00000e+00
  94.4000000       2.09169e-17       2.09169e-17       0.00000e+00
  94.5000000       1.64859e-17       1.64859e-17       0.00000e+00
  94.6000000       1.87296e-17       1.87296e-17       0.00000e+00
  94.7000000       1.63547e-17       1.63547e-17       0.00000e+00
  94.8000000       1.92694e-17       1.92694e-17       0.00000e+00
  94.9000000       5.13337e-17       5.13337e-17       0.00000e+00
  95.0000000       5.12297e-17       5.12297e-17       0.00000e+00
  95.1000000       3.88216e-17       3.88216e-17       0.00000e+00
  95.2000000       1.90101e-17       1.90101e-17       0.00000e+00
  95.3000000       1.26137e-17       1.26137e-17       0.00000e+00
  95.4000000       1.67076e-17       1.67076e-17       0.00000e+00
  95.5000000       2.28661e-17       2.28661e-17       0.00000e+00
  95.6000000       4.72641e-17       4.72641e-17       0.00000e+00
  95.7000000       4.33291e-17       4.33291e-17       0.00000e+00
  95.8000000       3.08233e-17       3.08233e-17       0.00000e+00
  95.9000000       2.31142e-17       2.31142e-17       0.00000e+00
  96.0000000       2.32894e-17       2.32894e-17       0.00000e+00
  96.1000000       1.81414e-17       1.81414e-17       0.00000e+00
  96.2000000       1.60919e-17       1.60919e-17       0.00000e+00
  96.3000000       1.51780e-17       1.51780e-17       0.00000e+00
  96.4000000       1.53500e-17       1.53500e-17       0.00000e+00
  96.5000000       1.53947e-17       1.53947e-17       0.00000e+00
  96.6000000       1.47905e-17       1.47905e-17       0.00000e+00
  96.7000000       1.41591e-17       1.41591e-17       0.00000e+00
  96.8000000       1.91515e-17       1.91515e-17       0.00000e+00
  96.9000000       2.92775e-17       2.92775e-17       0.00000e+00
  97.0000000       3.57081e-17       3.57081e-17       0.00000e+00
  97.1000000       4.62572e-17       4.62572e-17       0.00000e+00
  97.2000000       7.79947e-17       7.79947e-17       0.00000e+00
  97.3000000       7.65576e-17       7.65576e-17       0.00000e+00
  97.4000000       3.98276e-17       3.98276e-17       0.00000e+00
  97.5000000       2.10588e-17       2.10588e-17       0.00000e+00
  97.6000000       2.06536e-17       2.06536e-17       0.00000e+00
  97.7000000       2.40592e-17       2.40592e-17       0.00000e+00
  97.8000000       2.39948e-17       2.39948e-17       0.00000e+00
  97.9000000       2.75334e-17       2.75334e-17       0.00000e+00
  98.0000000       2.66285e-17       2.66285e-17       0.00000e+00
  98.1000000       2.19488e-17       2.19488e-17       0.00000e+00
  98.2000000       1.70998e-17       1.70998e-17       0.00000e+00
  98.3000000       2.01476e-17       2.01476e-17       0.00000e+00
  98.4000000       2.65019e-17       2.65019e-17       0.00000e+00
  98.5000000       3.34447e-17       3.34447e-17       0.00000e+00
  98.6000000       5.13725e-17       5.13725e-17       0.00000e+00
  98.7000000       6.37945e-17       6.37945e-17       0.00000e+00
  98.8000000       5.27276e-17       5.27276e-17       0.00000e+00
  98.9000000       4.00548e-17       4.00548e-17       0.00000e+00
  99.0000000       2.30628e-17       2.30628e-17       0.00000e+00
  99.1000000       1.79769e-17       1.79769e-17       0.00000e+00
  99.2000000       2.04059e-17       2.04059e-17       0.00000e+00
  99.3000000       2.40590e-17       2.40590e-17       0.00000e+00
  99.4000000       2.79895e-17       2.79895e-17       0.00000e+00
  99.5000000       2.62950e-17       2.62950e-17       0.00000e+00
  99.6000000       1.98339e-17       1.98339e-17       0.00000e+00
  99.7000000       1.51797e-17       1.51797e-17       0.00000e+00
  99.8000000       1.39684e-17       1.39684e-17       0.00000e+00
  99.9000000       1.32954e-17       1.32954e-17       0.00000e+00
 100.0000000       1.49261e-17       1.49261e-17       0.00000e+00
 100.1000000       1.81155e-17       1.81155e-17       0.00000e+00
 100.2000000       2.12940e-17       2.12940e-17       0.00000e+00
 100.3000000       2.25102e-17       2.25102e-17       0.00000e+00
 100.4000000       2.22490e-17       2.22490e-17       0.00000e+00
 100.5000000       2.14327e-17       2.14327e-17       0.00000e+00
 100.6000000       2.29079e-17       2.29079e-17       0.00000e+00
 100.7000000       3.44634e-17       3.44634e-17       0.00000e+00
 100.8000000       4.81253e-17       4.81253e-17       0.00000e+00
 100.9000000       5.00374e-17       5.00374e-17       0.00000e+00
 101.0000000       3.83953e-17       3.83953e-17       0.00000e+00
 101.1000000       3.72537e-17       3.72537e-17       0.00000e+00
 101.2000000       3.67151e-17       3.67151e-17       0.00000e+00
 101.3000000       2.87931e-17       2.87931e-17       0.00000e+00
 101.4000000       1.96630e-17       1.96630e-17       0.00000e+00
 101.5000000       1.24564e-17       1.24564e-17       0.00000e+00
 101.6000000       1.17277e-17       1.17277e-17       0.00000e+00
 101.7000000       1.26544e-17       1.26544e-17       0.00000e+00
 101.8000000       1.35812e-17       1.35812e-17       0.00000e+00
 101.9000000       1.45625e-17       1.45625e-17       0.00000e+00
 102.0000000       1.56684e-17       1.56684e-17       0.00000e+00
 102.1000000       1.67793e-17       1.67793e-17       0.00000e+00
 102.2000000       1.73824e-17       1.73824e-17       0.00000e+00
 102.3000000       1.67446e-17       1.67446e-17       0.00000e+00
 102.4000000       1.60503e-17       1.60503e-17       0.00000e+00
 102.5000000       1.63721e-17       1.63721e-17       0.00000e+00
 102.6000000       2.53497e-17       2.53497e-17       0.00000e+00
 102.7000000       6.31872e-17       6.31872e-17       0.00000e+00
 102.8000000       5.56156e-17       5.56156e-17       0.00000e+00
 102.9000000       3.54560e-17       3.54560e-17       0.00000e+00
 103.0000000       2.28639e-17       2.28639e-17       0.00000e+00
 103.1000000       2.00506e-17       2.00506e-17       0.00000e+00
 103.2000000       1.95147e-17       1.95147e-17       0.00000e+00
 103.3000000       2.06256e-17       2.06256e-17       0.00000e+00
 103.4000000       2.17357e-17       2.17357e-17       0.00000e+00
 103.5000000       2.26140e-17       2.26140e-17       0.00000e+00
 103.6000000       2.33083e-17       2.33083e-17       0.00000e+00
 103.7000000       2.40185e-17       2.40185e-17       0.00000e+00
 103.8000000       3.36008e-17       3.36008e-17       0.00000e+00
 103.9000000       3.73938e-17       3.73938e-17       0.00000e+00
 104.0000000       3.79225e-17       3.79225e-17       0.00000e+00
 104.1000000       3.79114e-17       3.79114e-17       0.00000e+00
 104.2000000       3.44121e-17       3.44121e-17       0.00000e+00
 104.3000000       2.46617e-17       2.46617e-17       0.00000e+00
 104.4000000       2.04270e-17       2.04270e-17       0.00000e+00
 104.5000000       2.00402e-17       2.00402e-17       0.00000e+00
 104.6000000       2.18000e-17       2.18000e-17       0.00000e+00
 104.7000000       2.33960e-17       2.33960e-17       0.00000e+00
 104.8000000       2.66638e-17       2.66638e-17       0.00000e+00
 104.9000000       3.07244e-17       3.07244e-17       0.00000e+00
 105.0000000       3.01146e-17       3.01146e-17       0.00000e+00
 105.1000000       3.37477e-17       3.37477e-17       0.00000e+00
 105.2000000       3.34562e-17       3.34562e-17       0.00000e+00
 105.3000000       3.24536e-17       3.24536e-17       0.00000e+00
 105.4000000       3.05226e-17       3.05226e-17       0.00000e+00
 105.5000000       2.84200e-17       2.84200e-17       0.00000e+00
 105.6000000       2.68097e-17       2.68097e-17       0.00000e+00
 105.7000000       2.51778e-17       2.51778e-17       0.00000e+00
 105.8000000       2.53472e-17       2.53472e-17       0.00000e+00
 105.9000000       2.62456e-17       2.62456e-17       0.00000e+00
 106.0000000       2.80404e-17       2.80404e-17       0.00000e+00
 106.1000000       2.90311e-17       2.90311e-17       0.00000e+00
 106.2000000       2.88809e-17       2.88809e-17       0.00000e+00
 106.3000000       2.84632e-17       2.84632e-17       0.00000e+00
 106.4000000       2.80562e-17       2.80562e-17       0.00000e+00
 106.5000000       2.76873e-17       2.76873e-17       0.00000e+00
 106.6000000       2.73218e-17       2.73218e-17       0.00000e+00
 106.7000000       2.71281e-17       2.71281e-17       0.00000e+00
 106.8000000       2.80523e-17       2.80523e-17       0.00000e+00
 106.9000000       2.98392e-17       2.98392e-17       0.00000e+00
 107.0000000       3.51821e-17       3.51821e-17       0.00000e+00
 107.1000000       4.17416e-17       4.17416e-17       0.00000e+00
 107.2000000       5.28793e-17       5.28793e-17       0.00000e+00
 107.3000000       6.95897e-17       6.95897e-17       0.00000e+00
 107.4000000       7.23820e-17       7.23820e-17       0.00000e+00
 107.5000000       6.74089e-17       6.74089e-17       0.00000e+00
 107.6000000       6.45517e-17       6.45517e-17       0.00000e+00
 107.7000000       6.63079e-17       6.63079e-17       0.00000e+00
 107.8000000       6.40387e-17       6.40387e-17       0.00000e+00
 107.9000000       5.48072e-17       5.48072e-17       0.00000e+00
 108.0000000       4.47067e-17       4.47067e-17       0.00000e+00
 108.1000000       3.87007e-17       3.87007e-17       0.00000e+00
 108.2000000       3.67497e-17       3.67497e-17       0.00000e+00
 108.3000000       3.54606e-17       3.54606e-17       0.00000e+00
 108.4000000       3.46508e-17       3.46508e-17       0.00000e+00
 108.5000000       3.56062e-17       3.56062e-17       0.00000e+00
 108.6000000       3.57087e-17       3.57087e-17       0.00000e+00
 108.7000000       3.30715e-17       3.30715e-17       0.00000e+00
 108.8000000       2.99082e-17       2.99082e-17       0.00000e+00
 108.9000000       2.93793e-17       2.93793e-17       0.00000e+00
 109.0000000       3.27919e-17       3.27919e-17       0.00000e+00
 109.1000000       3.81482e-17       3.81482e-17       0.00000e+00
 109.2000000       3.87398e-17       3.87398e-17       0.00000e+00
 109.3000000       3.53117e-17       3.53117e-17       0.00000e+00
 109.4000000       3.04205e-17       3.04205e-17       0.00000e+00
 109.5000000       2.60553e-17       2.60553e-17       0.00000e+00
 109.6000000       2.40483e-17       2.40483e-17       0.00000e+00
 109.7000000       2.43184e-17       2.43184e-17       0.00000e+00
 109.8000000       2.58643e-17       2.58643e-17       0.00000e+00
 109.9000000       2.74507e-17       2.74507e-17       0.00000e+00
 110.0000000       2.68496e-17       2.68496e-17       0.00000e+00
 110.1000000       2.52147e-17       2.52147e-17       0.00000e+00
 110.2000000       2.28972e-17       2.28972e-17       0.00000e+00
 110.3000000       2.13288e-17       2.13288e-17       0.00000e+00
 110.4000000       2.19760e-17       2.19760e-17       0.00000e+00
 110.5000000       2.40618e-17       2.40618e-17       0.00000e+00
 110.6000000       2.74004e-17       2.74004e-17       0.00000e+00
 110.7000000       2.85050e-17       2.85050e-17       0.00000e+00
 110.8000000       2.87010e-17       2.87010e-17       0.00000e+00
 110.9000000       2.87724e-17       2.87724e-17       0.00000e+00
 111.0000000       2.87745e-17       2.87745e-17       0.00000e+00
 111.1000000       2.95002e-17       2.95002e-17       0.00000e+00
 111.2000000       3.10473e-17       3.10473e-17       0.00000e+00
 111.3000000       3.16919e-17       3.16919e-17       0.00000e+00
 111.4000000       3.00878e-17       3.00878e-17       0.00000e+00
 111.5000000       2.86235e-17       2.86235e-17       0.00000e+00
 111.6000000       2.84885e-17       2.84885e-17       0.00000e+00
 111.7000000       3.12065e-17       3.12065e-17       0.00000e+00
 111.8000000       4.03551e-17       4.03551e-17       0.00000e+00
 111.9000000       6.23167e-17       6.23167e-17       0.00000e+00
 112.0000000       1.05042e-16       1.05042e-16       0.00000e+00
 112.1000000       1.20130e-16       1.20130e-16       0.00000e+00
 112.2000000       1.28331e-16       1.28331e-16       0.00000e+00
 112.3000000       1.21366e-16       1.21366e-16       0.00000e+00
 112.4000000       1.00841e-16       1.00841e-16       0.00000e+00
 112.5000000       8.44454e-17       8.44454e-17       0.00000e+00
 112.6000000       7.02503e-17       7.02503e-17       0.00000e+00
 112.7000000       6.54812e-17       6.54812e-17       0.00000e+00
 112.8000000       6.12907e-17       6.12907e-17       0.00000e+00
 112.9000000       5.90560e-17       5.90560e-17       0.00000e+00
 113.0000000       5.58892e-17       5.58892e-17       0.00000e+00
 113.1000000       5.12590e-17       5.12590e-17       0.00000e+00
 113.2000000       4.79030e-17       4.79030e-17       0.00000e+00
 113.3000000       4.76708e-17       4.76708e-17       0.00000e+00
 113.4000000       4.87390e-17       4.87390e-17       0.00000e+00
 113.5000000       5.03232e-17       5.03232e-17       0.00000e+00
 113.6000000       5.15277e-17       5.15277e-17       0.00000e+00
 113.7000000       5.22290e-17       5.22290e-17       0.00000e+00
 113.8000000       5.25004e-17       5.25004e-17       0.00000e+00
 113.9000000       5.21570e-17       5.21570e-17       0.00000e+00
 114.0000000       5.18012e-17       5.18012e-17       0.00000e+00
 114.1000000       5.09870e-17       5.09870e-17       0.00000e+00
 114.2000000       5.00481e-17       5.00481e-17       0.00000e+00
 114.3000000       4.98722e-17       4.98722e-17       0.00000e+00
 114.4000000       4.98040e-17       4.98040e-17       0.00000e+00
 114.5000000       4.92664e-17       4.92664e-17       0.00000e+00
 114.6000000       4.75613e-17       4.75613e-17       0.00000e+00
 114.7000000       4.54714e-17       4.54714e-17       0.00000e+00
 114.8000000       4.38653e-17       4.38653e-17       0.00000e+00
 114.9000000       4.24391e-17       4.24391e-17       0.00000e+00
 115.0000000       4.14507e-17       4.14507e-17       0.00000e+00
 115.1000000       4.06975e-17       4.06975e-17       0.00000e+00
 115.2000000       4.11728e-17       4.11728e-17       0.00000e+00
 115.3000000       4.19784e-17       4.19784e-17       0.00000e+00
 115.4000000       4.28582e-17       4.28582e-17       0.00000e+00
 115.5000000       4.39408e-17       4.39408e-17       0.00000e+00
 115.6000000       4.59833e-17       4.59833e-17       0.00000e+00
 115.7000000       4.71799e-17       4.71799e-17       0.00000e+00
 115.8000000       4.65004e-17       4.65004e-17       0.00000e+00
 115.9000000       4.44346e-17       4.44346e-17       0.00000e+00
 116.0000000       4.15855e-17       4.15855e-17       0.00000e+00
 116.1000000       3.94847e-17       3.94847e-17       0.00000e+00
 116.2000000       3.83925e-17       3.83925e-17       0.00000e+00
 116.3000000       3.75186e-17       3.75186e-17       0.00000e+00
 116.4000000       3.66447e-17       3.66447e-17       0.00000e+00
 116.5000000       3.57644e-17       3.57644e-17       0.00000e+00
 116.6000000       3.45225e-17       3.45225e-17       0.00000e+00
 116.7000000       3.26488e-17       3.26488e-17       0.00000e+00
 116.8000000       3.02612e-17       3.02612e-17       0.00000e+00
 116.9000000       2.78731e-17       2.78731e-17       0.00000e+00
 117.0000000       2.55379e-17       2.55379e-17       0.00000e+00
 117.1000000       2.32647e-17       2.32647e-17       0.00000e+00
 117.2000000       2.09093e-17       2.09093e-17       0.00000e+00
 117.3000000       1.90996e-17       1.90996e-17       0.00000e+00
 117.4000000       1.72649e-17       1.72649e-17       0.00000e+00
 117.5000000       1.68548e-17       1.68548e-17       0.00000e+00
 117.6000000       1.70979e-17       1.70979e-17       0.00000e+00
 117.7000000       1.80034e-17       1.80034e-17       0.00000e+00
 117.8000000       1.89192e-17       1.89192e-17       0.00000e+00
 117.9000000       1.93371e-17       1.93371e-17       0.00000e+00
 118.0000000       1.94825e-17       1.94825e-17       0.00000e+00
 118.1000000       1.91088e-17       1.91088e-17       0.00000e+00
 118.2000000       1.94123e-17       1.94123e-17       0.00000e+00
 118.3000000       2.10140e-17       2.10140e-17       0.00000e+00
 118.4000000       2.25488e-17       2.25488e-17       0.00000e+00
 118.5000000       2.41672e-17       2.41672e-17       0.00000e+00
 118.6000000       2.54122e-17       2.54122e-17       0.00000e+00
 118.7000000       2.69725e-17       2.69725e-17       0.00000e+00
 118.8000000       2.93367e-17       2.93367e-17       0.00000e+00
 118.9000000       3.14275e-17       3.14275e-17       0.00000e+00
 119.0000000       3.12312e-17       3.12312e-17       0.00000e+00
 119.1000000       3.03777e-17       3.03777e-17       0.00000e+00
 119.2000000       2.91711e-17       2.91711e-17       0.00000e+00
 119.3000000       2.80531e-17       2.80531e-17       0.00000e+00
 119.4000000       2.66376e-17       2.66376e-17       0.00000e+00
 119.5000000       2.46837e-17       2.46837e-17       0.00000e+00
 119.6000000       2.36020e-17       2.36020e-17       0.00000e+00
 119.7000000       2.36058e-17       2.36058e-17       0.00000e+00
 119.8000000       2.36782e-17       2.36782e-17       0.00000e+00
 119.9000000       2.34250e-17       2.34250e-17       0.00000e+00
 120.0000000       2.27767e-17       2.27767e-17       0.00000e+00
 120.1000000       2.21276e-17       2.21276e-17       0.00000e+00
 120.2000000       2.14788e-17       2.14788e-17       0.00000e+00
 120.3000000       2.08222e-17       2.08222e-17       0.00000e+00
 120.4000000       1.98786e-17       1.98786e-17       0.00000e+00
 120.5000000       1.91765e-17       1.91765e-17       0.00000e+00
 120.6000000       2.01179e-17       2.01179e-17       0.00000e+00
 120.7000000       2.19025e-17       2.19025e-17       0.00000e+00
 120.8000000       2.25746e-17       2.25746e-17       0.00000e+00
 120.9000000       2.25243e-17       2.25243e-17       0.00000e+00
 121.0000000       2.16961e-17       2.16961e-17       0.00000e+00
 121.1000000       2.10917e-17       2.10917e-17       0.00000e+00
 121.2000000       2.20862e-17       2.20862e-17       0.00000e+00
 121.3000000       2.50156e-17       2.50156e-17       0.00000e+00
 121.4000000       2.85219e-17       2.85219e-17       0.00000e+00
 121.5000000       3.23744e-17       3.23744e-17       0.00000e+00
 121.6000000       3.46571e-17       3.46571e-17       0.00000e+00
 121.7000000       3.51181e-17       3.51181e-17       0.00000e+00
 121.8000000       3.50496e-17       3.50496e-17       0.00000e+00
 121.9000000       3.48913e-17       3.48913e-17       0.00000e+00
 122.0000000       3.43636e-17       3.43636e-17       0.00000e+00
 122.1000000       3.37512e-17       3.37512e-17       0.00000e+00
 122.2000000       3.17031e-17       3.17031e-17       0.00000e+00
 122.3000000       2.78309e-17       2.78309e-17       0.00000e+00
 122.4000000       2.48078e-17       2.48078e-17       0.00000e+00
 122.5000000       2.22181e-17       2.22181e-17       0.00000e+00
 122.6000000       2.04801e-17       2.04801e-17       0.00000e+00
 122.7000000       1.83922e-17       1.83922e-17       0.00000e+00
 122.8000000       1.68628e-17       1.68628e-17       0.00000e+00
 122.9000000       1.56913e-17       1.56913e-17       0.00000e+00
 123.0000000       1.51500e-17       1.51500e-17       0.00000e+00
 123.1000000       1.59238e-17       1.59238e-17       0.00000e+00
 123.2000000       1.54791e-17       1.54791e-17       0.00000e+00
 123.3000000       1.41656e-17       1.41656e-17       0.00000e+00
 123.4000000       1.19508e-17       1.19508e-17       0.00000e+00
 123.5000000       1.00468e-17       1.00468e-17       0.00000e+00
 123.6000000       8.66163e-18       8.66163e-18       0.00000e+00
 123.7000000       7.76434e-18       7.76434e-18       0.00000e+00
 123.8000000       6.98304e-18       6.98304e-18       0.00000e+00
 123.9000000       6.40859e-18       6.40859e-18       0.00000e+00
 124.0000000       5.85360e-18       5.85360e-18       0.00000e+00
 124.1000000       5.41000e-18       5.41000e-18       0.00000e+00
 124.2000000       4.99253e-18       4.99253e-18       0.00000e+00
 124.3000000       4.62743e-18       4.62743e-18       0.00000e+00
 124.4000000       4.44914e-18       4.44914e-18       0.00000e+00
 124.5000000       4.28742e-18       4.28742e-18       0.00000e+00
 124.6000000       4.12548e-18       4.12548e-18       0.00000e+00
 124.7000000       3.93183e-18       3.93183e-18       0.00000e+00
 124.8000000       3.71560e-18       3.71560e-18       0.00000e+00
 124.9000000       3.49938e-18       3.49938e-18       0.00000e+00
 125.0000000       3.30523e-18       3.30523e-18       0.00000e+00
 125.1000000       3.22443e-18       3.22443e-18       0.00000e+00
 125.2000000       3.15966e-18       3.15966e-18       0.00000e+00
 125.3000000       3.09488e-18       3.09488e-18       0.00000e+00
 125.4000000       3.03010e-18       3.03010e-18       0.00000e+00
 125.5000000       2.96533e-18       2.96533e-18       0.00000e+00
 125.6000000       2.90055e-18       2.90055e-18       0.00000e+00
 125.7000000       2.83578e-18       2.83578e-18       0.00000e+00
 125.8000000       2.77100e-18       2.77100e-18       0.00000e+00
 125.9000000       2.70622e-18       2.70622e-18       0.00000e+00
 126.0000000       2.64145e-18       2.64145e-18       0.00000e+00
 126.1000000       2.57667e-18       2.57667e-18       0.00000e+00
 126.2000000       2.51190e-18       2.51190e-18       0.00000e+00
 126.3000000       2.44712e-18       2.44712e-18       0.00000e+00
 126.4000000       2.38234e-18       2.38234e-18       0.00000e+00
 126.5000000       2.31757e-18       2.31757e-18       0.00000e+00
 126.6000000       2.25279e-18       2.25279e-18       0.00000e+00
 126.7000000       2.18802e-18       2.18802e-18       0.00000e+00
 126.8000000       2.12324e-18       2.12324e-18       0.00000e+00
 126.9000000       2.05846e-18       2.05846e-18       0.00000e+00
 127.0000000       1.99369e-18       1.99369e-18       0.00000e+00
 127.1000000       1.92891e-18       1.92891e-18       0.00000e+00
 127.2000000       1.86414e-18       1.86414e-18       0.00000e+00
 127.3000000       1.79936e-18       1.79936e-18       0.00000e+00
 127.4000000       1.73458e-18       1.73458e-18       0.00000e+00
 127.5000000       1.66981e-18       1.66981e-18       0.00000e+00
 127.6000000       1.60503e-18       1.60503e-18       0.00000e+00
 127.7000000       1.58003e-18       1.58003e-18       0.00000e+00
 127.8000000       1.59977e-18       1.59977e-18       0.00000e+00
 127.9000000       1.60974e-18       1.60974e-18       0.00000e+00
 128.0000000       1.59222e-18       1.59222e-18       0.00000e+00
 128.1000000       1.57513e-18       1.57513e-18       0.00000e+00
 128.2000000       1.57263e-18       1.57263e-18       0.00000e+00
 128.3000000       1.58199e-18       1.58199e-18       0.00000e+00
 128.4000000       1.66399e-18       1.66399e-18       0.00000e+00
 128.5000000       1.75105e-18       1.75105e-18       0.00000e+00
 128.6000000       1.79831e-18       1.79831e-18       0.00000e+00
 128.7000000       1.82241e-18       1.82241e-18       0.00000e+00
 128.8000000       1.76657e-18       1.76657e-18       0.00000e+00
 128.9000000       1.70209e-18       1.70209e-18       0.00000e+00
 129.0000000       1.63766e-18       1.63766e-18       0.00000e+00
 129.1000000       1.58267e-18       1.58267e-18       0.00000e+00
 129.2000000       1.57617e-18       1.57617e-18       0.00000e+00
 129.3000000       1.57856e-18       1.57856e-18       0.00000e+00
 129.4000000       1.61514e-18       1.61514e-18       0.00000e+00
 129.5000000       1.65161e-18       1.65161e-18       0.00000e+00
 129.6000000       1.60793e-18       1.60793e-18       0.00000e+00
 129.7000000       1.55375e-18       1.55375e-18       0.00000e+00
 129.8000000       1.60066e-18       1.60066e-18       0.00000e+00
 129.9000000       1.69185e-18       1.69185e-18       0.00000e+00
 130.0000000       1.78303e-18       1.78303e-18       0.00000e+00
 130.1000000       1.85548e-18       1.85548e-18       0.00000e+00
 130.2000000       1.89540e-18       1.89540e-18       0.00000e+00
 130.3000000       1.92772e-18       1.92772e-18       0.00000e+00
 130.4000000       1.93119e-18       1.93119e-18       0.00000e+00
 130.5000000       1.93030e-18       1.93030e-18       0.00000e+00
 130.6000000       1.91377e-18       1.91377e-18       0.00000e+00
 130.7000000       1.89591e-18       1.89591e-18       0.00000e+00
 130.8000000       1.92824e-18       1.92824e-18       0.00000e+00
 130.9000000       2.01170e-18       2.01170e-18       0.00000e+00
 131.0000000       2.29360e-18       2.29360e-18       0.00000e+00
 131.1000000       2.59761e-18       2.59761e-18       0.00000e+00
 131.2000000       2.71717e-18       2.71717e-18       0.00000e+00
 131.3000000       2.73648e-18       2.73648e-18       0.00000e+00
 131.4000000       2.55399e-18       2.55399e-18       0.00000e+00
 131.5000000       2.29889e-18       2.29889e-18       0.00000e+00
 131.6000000       2.11097e-18       2.11097e-18       0.00000e+00
 131.7000000       2.21968e-18       2.21968e-18       0.00000e+00
 131.8000000       2.21175e-18       2.21175e-18       0.00000e+00
 131.9000000       2.04901e-18       2.04901e-18       0.00000e+00
 132.0000000       1.91918e-18       1.91918e-18       0.00000e+00
 132.1000000       1.83645e-18       1.83645e-18       0.00000e+00
 132.2000000       1.93510e-18       1.93510e-18       0.00000e+00
 132.3000000       2.12389e-18       2.12389e-18       0.00000e+00
 132.4000000       2.46205e-18       2.46205e-18       0.00000e+00
 132.5000000       2.73958e-18       2.73958e-18       0.00000e+00
 132.6000000       2.80056e-18       2.80056e-18       0.00000e+00
 132.7000000       2.71668e-18       2.71668e-18       0.00000e+00
 132.8000000       2.54613e-18       2.54613e-18       0.00000e+00
 132.9000000       2.61546e-18       2.61546e-18       0.00000e+00
 133.0000000       2.67771e-18       2.67771e-18       0.00000e+00
 133.1000000       2.66138e-18       2.66138e-18       0.00000e+00
 133.2000000       2.63816e-18       2.63816e-18       0.00000e+00
 133.3000000       2.59323e-18       2.59323e-18       0.00000e+00
 133.4000000       2.45664e-18       2.45664e-18       0.00000e+00
 133.5000000       2.12026e-18       2.12026e-18       0.00000e+00
 133.6000000       2.01919e-18       2.01919e-18       0.00000e+00
 133.7000000       2.92471e-18       2.92471e-18       0.00000e+00
 133.8000000       4.48377e-18       4.48377e-18       0.00000e+00
 133.9000000       5.74066e-18       5.74066e-18       0.00000e+00
 134.0000000       6.94092e-18       6.94092e-18       0.00000e+00
 134.1000000       6.68716e-18       6.68716e-18       0.00000e+00
 134.2000000       4.42752e-18       4.42752e-18       0.00000e+00
 134.3000000       2.59532e-18       2.59532e-18       0.00000e+00
 134.4000000       1.69486e-18       1.69486e-18       0.00000e+00
 134.5000000       1.34380e-18       1.34380e-18       0.00000e+00
 134.6000000       1.25409e-18       1.25409e-18       0.00000e+00
 134.7000000       1.41428e-18       1.41428e-18       0.00000e+00
 134.8000000       1.75673e-18       1.75673e-18       0.00000e+00
 134.9000000       2.61787e-18       2.61787e-18       0.00000e+00
 135.0000000       4.12634e-18       4.12634e-18       0.00000e+00
 135.1000000       5.06274e-18       5.06274e-18       0.00000e+00
 135.2000000       4.88833e-18       4.88833e-18       0.00000e+00
 135.3000000       4.65553e-18       4.65553e-18       0.00000e+00
 135.4000000       5.19678e-18       5.19678e-18       0.00000e+00
 135.5000000       5.21132e-18       5.21132e-18       0.00000e+00
 135.6000000       6.12964e-18       6.12964e-18       0.00000e+00
 135.7000000       4.75196e-18       4.75196e-18       0.00000e+00
 135.8000000       2.72972e-18       2.72972e-18       0.00000e+00
 135.9000000       1.78628e-18       1.78628e-18       0.00000e+00
 136.0000000       1.53500e-18       1.53500e-18       0.00000e+00
 136.1000000       1.75792e-18       1.75792e-18       0.00000e+00
 136.2000000       2.35923e-18       2.35923e-18       0.00000e+00
 136.3000000       2.88566e-18       2.88566e-18       0.00000e+00
 136.4000000       3.36394e-18       3.36394e-18       0.00000e+00
 136.5000000       3.76820e-18       3.76820e-18       0.00000e+00
 136.6000000       4.01922e-18       4.01922e-18       0.00000e+00
 136.7000000       5.73902e-18       5.73902e-18       0.00000e+00
 136.8000000       1.28740e-17       1.28740e-17       0.00000e+00
 136.9000000       1.84849e-17       1.84849e-17       0.00000e+00
 137.0000000       1.82449e-17       1.82449e-17       0.00000e+00
 137.1000000       8.28033e-18       8.28033e-18       0.00000e+00
 137.2000000       2.74286e-18       2.74286e-18       0.00000e+00
 137.3000000       2.35105e-18       2.35105e-18       0.00000e+00
 137.4000000       2.25177e-18       2.25177e-18       0.00000e+00
 137.5000000       2.02059e-18       2.02059e-18       0.00000e+00
 137.6000000       1.73720e-18       1.73720e-18       0.00000e+00
 137.7000000       1.54950e-18       1.54950e-18       0.00000e+00
 137.8000000       1.60266e-18       1.60266e-18       0.00000e+00
 137.9000000       1.80816e-18       1.80816e-18       0.00000e+00
 138.0000000       2.44951e-18       2.44951e-18       0.00000e+00
 138.1000000       4.39517e-18       4.39517e-18       0.00000e+00
 138.2000000       1.48745e-17       1.48745e-17       0.00000e+00
 138.3000000       1.96629e-17       1.96629e-17       0.00000e+00
 138.4000000       1.69247e-17       1.69247e-17       0.00000e+00
 138.5000000       8.27621e-18       8.27621e-18       0.00000e+00
 138.6000000       3.58619e-18       3.58619e-18       0.00000e+00
 138.7000000       2.15310e-18       2.15310e-18       0.00000e+00
 138.8000000       1.63670e-18       1.63670e-18       0.00000e+00
 138.9000000       1.15832e-18       1.15832e-18       0.00000e+00
 139.0000000       9.84191e-19       9.84191e-19       0.00000e+00
 139.1000000       1.07179e-18       1.07179e-18       0.00000e+00
 139.2000000       1.34649e-18       1.34649e-18       0.00000e+00
 139.3000000       1.79767e-18       1.79767e-18       0.00000e+00
 139.4000000       1.95548e-18       1.95548e-18       0.00000e+00
 139.5000000       2.11507e-18       2.11507e-18       0.00000e+00
 139.6000000       3.91131e-18       3.91131e-18       0.00000e+00
 139.7000000       1.00850e-17       1.00850e-17       0.00000e+00
 139.8000000       1.78559e-17       1.78559e-17       0.00000e+00
 139.9000000       2.37769e-17       2.37769e-17       0.00000e+00
 140.0000000       1.36010e-17       1.36010e-17       0.00000e+00
 140.1000000       5.48793e-18       5.48793e-18       0.00000e+00
 140.2000000       2.60910e-18       2.60910e-18       0.00000e+00
 140.3000000       1.83650e-18       1.83650e-18       0.00000e+00
 140.4000000       1.38465e-18       1.38465e-18       0.00000e+00
 140.5000000       1.02555e-18       1.02555e-18       0.00000e+00
 140.6000000       8.00144e-19       8.00144e-19       0.00000e+00
 140.7000000       7.31504e-19       7.31504e-19       0.00000e+00
 140.8000000       7.72267e-19       7.72267e-19       0.00000e+00
 140.9000000       1.04584e-18       1.04584e-18       0.00000e+00
 141.0000000       1.52413e-18       1.52413e-18       0.00000e+00
 141.1000000       2.21656e-18       2.21656e-18       0.00000e+00
 141.2000000       6.39311e-18       6.39311e-18       0.00000e+00
 141.3000000       1.32582e-17       1.32582e-17       0.00000e+00
 141.4000000       1.46761e-17       1.46761e-17       0.00000e+00
 141.5000000       6.38279e-18       6.38279e-18       0.00000e+00
 141.6000000       2.95491e-18       2.95491e-18       0.00000e+00
 141.7000000       1.80333e-18       1.80333e-18       0.00000e+00
 141.8000000       1.57634e-18       1.57634e-18       0.00000e+00
 141.9000000       1.46764e-18       1.46764e-18       0.00000e+00
 142.0000000       1.42508e-18       1.42508e-18       0.00000e+00
 142.1000000       1.48763e-18       1.48763e-18       0.00000e+00
 142.2000000       1.51236e-18       1.51236e-18       0.00000e+00
 142.3000000       1.45078e-18       1.45078e-18       0.00000e+00
 142.4000000       1.38902e-18       1.38902e-18       0.00000e+00
 142.5000000       1.34165e-18       1.34165e-18       0.00000e+00
 142.6000000       1.62665e-18       1.62665e-18       0.00000e+00
 142.7000000       2.38187e-18       2.38187e-18       0.00000e+00
 142.8000000       3.90533e-18       3.90533e-18       0.00000e+00
 142.9000000       8.33063e-18       8.33063e-18       0.00000e+00
 143.0000000       1.01913e-17       1.01913e-17       0.00000e+00
 143.1000000       6.90465e-18       6.90465e-18       0.00000e+00
 143.2000000       4.00780e-18       4.00780e-18       0.00000e+00
 143.3000000       2.24851e-18       2.24851e-18       0.00000e+00
 143.4000000       1.82439e-18       1.82439e-18       0.00000e+00
 143.5000000       1.74737e-18       1.74737e-18       0.00000e+00
 143.6000000       1.60945e-18       1.60945e-18       0.00000e+00
 143.7000000       1.41840e-18       1.41840e-18       0.00000e+00
 143.8000000       1.24815e-18       1.24815e-18       0.00000e+00
 143.9000000       1.14643e-18       1.14643e-18       0.00000e+00
 144.0000000       1.14558e-18       1.14558e-18       0.00000e+00
 144.1000000       1.12252e-18       1.12252e-18       0.00000e+00
 144.2000000       1.05881e-18       1.05881e-18       0.00000e+00
 144.3000000       1.07078e-18       1.07078e-18       0.00000e+00
 144.4000000       1.28427e-18       1.28427e-18       0.00000e+00
 144.5000000       2.03321e-18       2.03321e-18       0.00000e+00
 144.6000000       3.94519e-18       3.94519e-18       0.00000e+00
 144.7000000       6.68681e-18       6.68681e-18       0.00000e+00
 144.8000000       6.79538e-18       6.79538e-18       0.00000e+00
 144.9000000       4.58937e-18       4.58937e-18       0.00000e+00
 145.0000000       2.38023e-18       2.38023e-18       0.00000e+00
 145.1000000       1.54310e-18       1.54310e-18       0.00000e+00
 145.2000000       1.18196e-18       1.18196e-18       0.00000e+00
 145.3000000       9.97442e-19       9.97442e-19       0.00000e+00
 145.4000000       9.13515e-19       9.13515e-19       0.00000e+00
 145.5000000       8.40074e-19       8.40074e-19       0.00000e+00
 145.6000000       6.90984e-19       6.90984e-19       0.00000e+00
 145.7000000       5.83541e-19       5.83541e-19       0.00000e+00
 145.8000000       5.81758e-19       5.81758e-19       0.00000e+00
 145.9000000       5.78829e-19       5.78829e-19       0.00000e+00
 146.0000000       5.61406e-19       5.61406e-19       0.00000e+00
 146.1000000       5.52394e-19       5.52394e-19       0.00000e+00
 146.2000000       6.77541e-19       6.77541e-19       0.00000e+00
 146.3000000       1.12133e-18       1.12133e-18       0.00000e+00
 146.4000000       2.43719e-18       2.43719e-18       0.00000e+00
 146.5000000       4.34840e-18       4.34840e-18       0.00000e+00
 146.6000000       3.72598e-18       3.72598e-18       0.00000e+00
 146.7000000       2.28758e-18       2.28758e-18       0.00000e+00
 146.8000000       1.30544e-18       1.30544e-18       0.00000e+00
 146.9000000       1.13137e-18       1.13137e-18       0.00000e+00
 147.0000000       1.02694e-18       1.02694e-18       0.00000e+00
 147.1000000       9.30705e-19       9.30705e-19       0.00000e+00
 147.2000000       8.63652e-19       8.63652e-19       0.00000e+00
 147.3000000       7.88705e-19       7.88705e-19       0.00000e+00
 147.4000000       6.72179e-19       6.72179e-19       0.00000e+00
 147.5000000       6.10983e-19       6.10983e-19       0.00000e+00
 147.6000000       6.72747e-19       6.72747e-19       0.00000e+00
 147.7000000       7.18421e-19       7.18421e-19       0.00000e+00
 147.8000000       7.20347e-19       7.20347e-19       0.00000e+00
 147.9000000       7.17777e-19       7.17777e-19       0.00000e+00
 148.0000000       6.99014e-19       6.99014e-19       0.00000e+00
 148.1000000       7.13264e-19       7.13264e-19       0.00000e+00
 148.2000000       9.81446e-19       9.81446e-19       0.00000e+00
 148.3000000       1.63738e-18       1.63738e-18       0.00000e+00
 148.4000000       2.64266e-18       2.64266e-18       0.00000e+00
 148.5000000       2.24388e-18       2.24388e-18       0.00000e+00
 148.6000000       1.32588e-18       1.32588e-18       0.00000e+00
 148.7000000       8.95994e-19       8.95994e-19       0.00000e+00
 148.8000000       7.29191e-19       7.29191e-19       0.00000e+00
 148.9000000       6.11341e-19       6.11341e-19       0.00000e+00
 149.0000000       5.25149e-19       5.25149e-19       0.00000e+00
 149.1000000       4.47948e-19       4.47948e-19       0.00000e+00
 149.2000000       4.06214e-19       4.06214e-19       0.00000e+00
 149.3000000       3.87157e-19       3.87157e-19       0.00000e+00
 149.4000000       3.99365e-19       3.99365e-19       0.00000e+00
 149.5000000       4.64027e-19       4.64027e-19       0.00000e+00
 149.6000000       5.21780e-19       5.21780e-19       0.00000e+00
 149.7000000       5.65623e-19       5.65623e-19       0.00000e+00
 149.8000000       6.09741e-19       6.09741e-19       0.00000e+00
 149.9000000       6.54970e-19       6.54970e-19       0.00000e+00
 150.0000000       7.00229e-19       7.00229e-19       0.00000e+00
 150.1000000       8.79062e-19       8.79062e-19       0.00000e+00
 150.2000000       1.30524e-18       1.30524e-18       0.00000e+00
 150.3000000       1.33633e-18       1.33633e-18       0.00000e+00
 150.4000000       9.64216e-19       9.64216e-19       0.00000e+00
 150.5000000       7.25162e-19       7.25162e-19       0.00000e+00
 150.6000000       6.14798e-19       6.14798e-19       0.00000e+00
 150.7000000       5.71862e-19       5.71862e-19       0.00000e+00
 150.8000000       5.21570e-19       5.21570e-19       0.00000e+00
 150.9000000       4.68727e-19       4.68727e-19       0.00000e+00
 151.0000000       4.28265e-19       4.28265e-19       0.00000e+00
 151.1000000       3.92332e-19       3.92332e-19       0.00000e+00
 151.2000000       4.04756e-19       4.04756e-19       0.00000e+00
 151.3000000       4.35046e-19       4.35046e-19       0.00000e+00
 151.4000000       4.61620e-19       4.61620e-19       0.00000e+00
 151.5000000       4.44046e-19       4.44046e-19       0.00000e+00
 151.6000000       4.13654e-19       4.13654e-19       0.00000e+00
 151.7000000       3.83261e-19       3.83261e-19       0.00000e+00
 151.8000000       3.52997e-19       3.52997e-19       0.00000e+00
 151.9000000       3.52315e-19       3.52315e-19       0.00000e+00
 152.0000000       3.74351e-19       3.74351e-19       0.00000e+00
 152.1000000       4.50349e-19       4.50349e-19       0.00000e+00
 152.2000000       5.69646e-19       5.69646e-19       0.00000e+00
 152.3000000       6.20547e-19       6.20547e-19       0.00000e+00
 152.4000000       6.39355e-19       6.39355e-19       0.00000e+00
 152.5000000       5.63097e-19       5.63097e-19       0.00000e+00
 152.6000000       4.51983e-19       4.51983e-19       0.00000e+00
 152.7000000       4.30527e-19       4.30527e-19       0.00000e+00
 152.8000000       4.30879e-19       4.30879e-19       0.00000e+00
 152.9000000       4.12042e-19       4.12042e-19       0.00000e+00
 153.0000000       3.37600e-19       3.37600e-19       0.00000e+00
 153.1000000       2.77080e-19       2.77080e-19       0.00000e+00
 153.2000000       2.84910e-19       2.84910e-19       0.00000e+00
 153.3000000       2.90125e-19       2.90125e-19       0.00000e+00
 153.4000000       2.89669e-19       2.89669e-19       0.00000e+00
 153.5000000       2.89212e-19       2.89212e-19       0.00000e+00
 153.6000000       2.94748e-19       2.94748e-19       0.00000e+00
 153.7000000       3.14656e-19       3.14656e-19       0.00000e+00
 153.8000000       3.35191e-19       3.35191e-19       0.00000e+00
 153.9000000       3.49562e-19       3.49562e-19       0.00000e+00
 154.0000000       3.45473e-19       3.45473e-19       0.00000e+00
 154.1000000       3.48214e-19       3.48214e-19       0.00000e+00
 154.2000000       3.51405e-19       3.51405e-19       0.00000e+00
 154.3000000       3.22023e-19       3.22023e-19       0.00000e+00
 154.4000000       3.46589e-19       3.46589e-19       0.00000e+00
 154.5000000       3.26920e-19       3.26920e-19       0.00000e+00
 154.6000000       3.04836e-19       3.04836e-19       0.00000e+00
 154.7000000       2.77965e-19       2.77965e-19       0.00000e+00
 154.8000000       2.63009e-19       2.63009e-19       0.00000e+00
 154.9000000       2.54397e-19       2.54397e-19       0.00000e+00
 155.0000000       2.47035e-19       2.47035e-19       0.00000e+00
 155.1000000       2.45688e-19       2.45688e-19       0.00000e+00
 155.2000000       2.45132e-19       2.45132e-19       0.00000e+00
 155.3000000       2.46152e-19       2.46152e-19       0.00000e+00
 155.4000000       2.50542e-19       2.50542e-19       0.00000e+00
 155.5000000       2.55044e-19       2.55044e-19       0.00000e+00
 155.6000000       2.68344e-19       2.68344e-19       0.00000e+00
 155.7000000       2.79190e-19       2.79190e-19       0.00000e+00
 155.8000000       2.80972e-19       2.80972e-19       0.00000e+00
 155.9000000       2.78165e-19       2.78165e-19       0.00000e+00
 156.0000000       2.70742e-19       2.70742e-19       0.00000e+00
 156.1000000       2.63319e-19       2.63319e-19       0.00000e+00
 156.2000000       2.57038e-19       2.57038e-19       0.00000e+00
 156.3000000       2.55090e-19       2.55090e-19       0.00000e+00
 156.4000000       2.53564e-19       2.53564e-19       0.00000e+00
 156.5000000       2.51877e-19       2.51877e-19       0.00000e+00
 156.6000000       2.37949e-19       2.37949e-19       0.00000e+00
 156.7000000       2.22521e-19       2.22521e-19       0.00000e+00
 156.8000000       2.17406e-19       2.17406e-19       0.00000e+00
 156.9000000       2.12524e-19       2.12524e-19       0.00000e+00
 157.0000000       2.16205e-19       2.16205e-19       0.00000e+00
 157.1000000       2.25773e-19       2.25773e-19       0.00000e+00
 157.2000000       2.35459e-19       2.35459e-19       0.00000e+00
 157.3000000       2.62094e-19       2.62094e-19       0.00000e+00
 157.4000000       2.77545e-19       2.77545e-19       0.00000e+00
 157.5000000       2.80323e-19       2.80323e-19       0.00000e+00
 157.6000000       2.79925e-19       2.79925e-19       0.00000e+00
 157.7000000       2.76251e-19       2.76251e-19       0.00000e+00
 157.8000000       2.72577e-19       2.72577e-19       0.00000e+00
 157.9000000       2.68321e-19       2.68321e-19       0.00000e+00
 158.0000000       2.60188e-19       2.60188e-19       0.00000e+00
 158.1000000       2.50445e-19       2.50445e-19       0.00000e+00
 158.2000000       2.33068e-19       2.33068e-19       0.00000e+00
 158.3000000       2.22497e-19       2.22497e-19       0.00000e+00
 158.4000000       2.17538e-19       2.17538e-19       0.00000e+00
 158.5000000       2.12578e-19       2.12578e-19       0.00000e+00
 158.6000000       2.04463e-19       2.04463e-19       0.00000e+00
 158.7000000       1.83597e-19       1.83597e-19       0.00000e+00
 158.8000000       1.71390e-19       1.71390e-19       0.00000e+00
 158.9000000       1.76871e-19       1.76871e-19       0.00000e+00
 159.0000000       2.01501e-19       2.01501e-19       0.00000e+00
 159.1000000       2.26232e-19       2.26232e-19       0.00000e+00
 159.2000000       2.48445e-19       2.48445e-19       0.00000e+00
 159.3000000       2.56619e-19       2.56619e-19       0.00000e+00
 159.4000000       2.57277e-19       2.57277e-19       0.00000e+00
 159.5000000       2.52674e-19       2.52674e-19       0.00000e+00
 159.6000000       2.41858e-19       2.41858e-19       0.00000e+00
 159.7000000       2.23754e-19       2.23754e-19       0.00000e+00
 159.8000000       2.30776e-19       2.30776e-19       0.00000e+00
 159.9000000       2.24195e-19       2.24195e-19       0.00000e+00
 160.0000000       2.14633e-19       2.14633e-19       0.00000e+00
 160.1000000       2.09520e-19       2.09520e-19       0.00000e+00
 160.2000000       1.88716e-19       1.88716e-19       0.00000e+00
 160.3000000       1.70093e-19       1.70093e-19       0.00000e+00
 160.4000000       1.64769e-19       1.64769e-19       0.00000e+00
 160.5000000       1.59506e-19       1.59506e-19       0.00000e+00
 160.6000000       1.54243e-19       1.54243e-19       0.00000e+00
 160.7000000       1.48980e-19       1.48980e-19       0.00000e+00
 160.8000000       1.44232e-19       1.44232e-19       0.00000e+00
 160.9000000       1.66703e-19       1.66703e-19       0.00000e+00
 161.0000000       2.04184e-19       2.04184e-19       0.00000e+00
 161.1000000       2.31408e-19       2.31408e-19       0.00000e+00
 161.2000000       2.51817e-19       2.51817e-19       0.00000e+00
 161.3000000       2.58097e-19       2.58097e-19       0.00000e+00
 161.4000000       2.55215e-19       2.55215e-19       0.00000e+00
 161.5000000       2.44492e-19       2.44492e-19       0.00000e+00
 161.6000000       2.26599e-19       2.26599e-19       0.00000e+00
 161.7000000       2.11057e-19       2.11057e-19       0.00000e+00
 161.8000000       2.02767e-19       2.02767e-19       0.00000e+00
 161.9000000       1.94477e-19       1.94477e-19       0.00000e+00
 162.0000000       1.86187e-19       1.86187e-19       0.00000e+00
 162.1000000       1.77897e-19       1.77897e-19       0.00000e+00
 162.2000000       1.64829e-19       1.64829e-19       0.00000e+00
 162.3000000       1.32228e-19       1.32228e-19       0.00000e+00
 162.4000000       1.20582e-19       1.20582e-19       0.00000e+00
 162.5000000       1.16761e-19       1.16761e-19       0.00000e+00
 162.6000000       1.14846e-19       1.14846e-19       0.00000e+00
 162.7000000       1.27242e-19       1.27242e-19       0.00000e+00
 162.8000000       1.46495e-19       1.46495e-19       0.00000e+00
 162.9000000       1.65747e-19       1.65747e-19       0.00000e+00
 163.0000000       1.85000e-19       1.85000e-19       0.00000e+00
 163.1000000       2.04253e-19       2.04253e-19       0.00000e+00
 163.2000000       2.23360e-19       2.23360e-19       0.00000e+00
 163.3000000       2.32935e-19       2.32935e-19       0.00000e+00
 163.4000000       2.32042e-19       2.32042e-19       0.00000e+00
 163.5000000       2.13580e-19       2.13580e-19       0.00000e+00
 163.6000000       1.99438e-19       1.99438e-19       0.00000e+00
 163.7000000       1.85361e-19       1.85361e-19       0.00000e+00
 163.8000000       1.69260e-19       1.69260e-19       0.00000e+00
 163.9000000       1.40380e-19       1.40380e-19       0.00000e+00
 164.0000000       1.36316e-19       1.36316e-19       0.00000e+00
 164.1000000       1.33829e-19       1.33829e-19       0.00000e+00
 164.2000000       1.30990e-19       1.30990e-19       0.00000e+00
 164.3000000       1.25638e-19       1.25638e-19       0.00000e+00
 164.4000000       1.00310e-19       1.00310e-19       0.00000e+00
 164.5000000       8.46699e-20       8.46699e-20       0.00000e+00
 164.6000000       7.47512e-20       7.47512e-20       0.00000e+00
 164.7000000       7.92210e-20       7.92210e-20       0.00000e+00
 164.8000000       8.36908e-20       8.36908e-20       0.00000e+00
 164.9000000       1.07343e-19       1.07343e-19       0.00000e+00
 165.0000000       1.55889e-19       1.55889e-19       0.00000e+00
 165.1000000       1.93848e-19       1.93848e-19       0.00000e+00
 165.2000000       1.99360e-19       1.99360e-19       0.00000e+00
 165.3000000       2.00418e-19       2.00418e-19       0.00000e+00
 165.4000000       1.99833e-19       1.99833e-19       0.00000e+00
 165.5000000       1.99248e-19       1.99248e-19       0.00000e+00
 165.6000000       1.98076e-19       1.98076e-19       0.00000e+00
 165.7000000       1.61681e-19       1.61681e-19       0.00000e+00
 165.8000000       1.23297e-19       1.23297e-19       0.00000e+00
 165.9000000       1.09370e-19       1.09370e-19       0.00000e+00
 166.0000000       9.70395e-20       9.70395e-20       0.00000e+00
 166.1000000       9.08414e-20       9.08414e-20       0.00000e+00
 166.2000000       8.97173e-20       8.97173e-20       0.00000e+00
 166.3000000       8.85932e-20       8.85932e-20       0.00000e+00
 166.4000000       8.74690e-20       8.74690e-20       0.00000e+00
 166.5000000       8.44946e-20       8.44946e-20       0.00000e+00
 166.6000000       6.08438e-20       6.08438e-20       0.00000e+00
 166.7000000       5.68433e-20       5.68433e-20       0.00000e+00
 166.8000000       5.51653e-20       5.51653e-20       0.00000e+00
 166.9000000       5.77061e-20       5.77061e-20       0.00000e+00
 167.0000000       8.67741e-20       8.67741e-20       0.00000e+00
 167.1000000       1.20472e-19       1.20472e-19       0.00000e+00
 167.2000000       1.54170e-19       1.54170e-19       0.00000e+00
 167.3000000       1.83977e-19       1.83977e-19       0.00000e+00
 167.4000000       1.76361e-19       1.76361e-19       0.00000e+00
 167.5000000       1.59687e-19       1.59687e-19       0.00000e+00
 167.6000000       1.53103e-19       1.53103e-19       0.00000e+00
 167.7000000       1.51366e-19       1.51366e-19       0.00000e+00
 167.8000000       1.49628e-19       1.49628e-19       0.00000e+00
 167.9000000       1.47891e-19       1.47891e-19       0.00000e+00
 168.0000000       1.39468e-19       1.39468e-19       0.00000e+00
 168.1000000       6.94192e-20       6.94192e-20       0.00000e+00
 168.2000000       4.98123e-20       4.98123e-20       0.00000e+00
 168.3000000       4.91866e-20       4.91866e-20       0.00000e+00
 168.4000000       4.85609e-20       4.85609e-20       0.00000e+00
 168.5000000       4.79352e-20       4.79352e-20       0.00000e+00
 168.6000000       4.73096e-20       4.73096e-20       0.00000e+00
 168.7000000       4.66839e-20       4.66839e-20       0.00000e+00
 168.8000000       4.60582e-20       4.60582e-20       0.00000e+00
 168.9000000       4.54325e-20       4.54325e-20       0.00000e+00
 169.0000000       4.48069e-20       4.48069e-20       0.00000e+00
 169.1000000       4.81559e-20       4.81559e-20       0.00000e+00
 169.2000000       7.06370e-20       7.06370e-20       0.00000e+00
 169.3000000       9.64218e-20       9.64218e-20       0.00000e+00
 169.4000000       1.25640e-19       1.25640e-19       0.00000e+00
 169.5000000       1.35302e-19       1.35302e-19       0.00000e+00
 169.6000000       1.56010e-19       1.56010e-19       0.00000e+00
 169.7000000       1.49460e-19       1.49460e-19       0.00000e+00
 169.8000000       1.27555e-19       1.27555e-19       0.00000e+00
 169.9000000       1.05649e-19       1.05649e-19       0.00000e+00
 170.0000000       8.89250e-20       8.89250e-20       0.00000e+00
 170.1000000       7.86281e-20       7.86281e-20       0.00000e+00
 170.2000000       6.83493e-20       6.83493e-20       0.00000e+00
 170.3000000       5.80730e-20       5.80730e-20       0.00000e+00
 170.4000000       5.06975e-20       5.06975e-20       0.00000e+00
 170.5000000       4.59027e-20       4.59027e-20       0.00000e+00
 170.6000000       4.11079e-20       4.11079e-20       0.00000e+00
 170.7000000       3.63131e-20       3.63131e-20       0.00000e+00
 170.8000000       3.15182e-20       3.15182e-20       0.00000e+00
 170.9000000       2.70256e-20       2.70256e-20       0.00000e+00
 171.0000000       2.66218e-20       2.66218e-20       0.00000e+00
 171.1000000       2.75077e-20       2.75077e-20       0.00000e+00
 171.2000000       2.83935e-20       2.83935e-20       0.00000e+00
 171.3000000       2.92794e-20       2.92794e-20       0.00000e+00
 171.4000000       3.39505e-20       3.39505e-20       0.00000e+00
 171.5000000       9.53160e-20       9.53160e-20       0.00000e+00
 171.6000000       1.26303e-19       1.26303e-19       0.00000e+00
 171.7000000       1.08504e-19       1.08504e-19       0.00000e+00
 171.8000000       8.73787e-20       8.73787e-20       0.00000e+00
 171.9000000       8.57859e-20       8.57859e-20       0.00000e+00
 172.0000000       1.36155e-19       1.36155e-19       0.00000e+00
 172.1000000       1.38278e-19       1.38278e-19       0.00000e+00
 172.2000000       1.23669e-19       1.23669e-19       0.00000e+00
 172.3000000       7.82826e-20       7.82826e-20       0.00000e+00
 172.4000000       5.06319e-20       5.06319e-20       0.00000e+00
 172.5000000       3.48146e-20       3.48146e-20       0.00000e+00
 172.6000000       3.08740e-20       3.08740e-20       0.00000e+00
 172.7000000       3.41006e-20       3.41006e-20       0.00000e+00
 172.8000000       3.73272e-20       3.73272e-20       0.00000e+00
 172.9000000       3.92351e-20       3.92351e-20       0.00000e+00
 173.0000000       3.60340e-20       3.60340e-20       0.00000e+00
 173.1000000       3.23230e-20       3.23230e-20       0.00000e+00
 173.2000000       2.86119e-20       2.86119e-20       0.00000e+00
 173.3000000       2.49009e-20       2.49009e-20       0.00000e+00
 173.4000000       2.11898e-20       2.11898e-20       0.00000e+00
 173.5000000       1.74788e-20       1.74788e-20       0.00000e+00
 173.6000000       1.55600e-20       1.55600e-20       0.00000e+00
 173.7000000       1.66588e-20       1.66588e-20       0.00000e+00
 173.8000000       2.15785e-20       2.15785e-20       0.00000e+00
 173.9000000       1.04644e-19       1.04644e-19       0.00000e+00
 174.0000000       9.90793e-20       9.90793e-20       0.00000e+00
 174.1000000       7.43841e-20       7.43841e-20       0.00000e+00
 174.2000000       5.43301e-20       5.43301e-20       0.00000e+00
 174.3000000       5.54524e-20       5.54524e-20       0.00000e+00
 174.4000000       3.83334e-20       3.83334e-20       0.00000e+00
 174.5000000       6.00402e-20       6.00402e-20       0.00000e+00
 174.6000000       8.17686e-20       8.17686e-20       0.00000e+00
 174.7000000       8.41262e-20       8.41262e-20       0.00000e+00
 174.8000000       4.89808e-20       4.89808e-20       0.00000e+00
 174.9000000       2.10504e-20       2.10504e-20       0.00000e+00
 175.0000000       1.81910e-20       1.81910e-20       0.00000e+00
 175.1000000       1.70331e-20       1.70331e-20       0.00000e+00
 175.2000000       1.64196e-20       1.64196e-20       0.00000e+00
 175.3000000       1.62423e-20       1.62423e-20       0.00000e+00
 175.4000000       1.60649e-20       1.60649e-20       0.00000e+00
 175.5000000       1.58876e-20       1.58876e-20       0.00000e+00
 175.6000000       1.70209e-20       1.70209e-20       0.00000e+00
 175.7000000       2.07935e-20       2.07935e-20       0.00000e+00
 175.8000000       1.83352e-20       1.83352e-20       0.00000e+00
 175.9000000       1.54485e-20       1.54485e-20       0.00000e+00
 176.0000000       1.49083e-20       1.49083e-20       0.00000e+00
 176.1000000       1.61618e-20       1.61618e-20       0.00000e+00
 176.2000000       1.74153e-20       1.74153e-20       0.00000e+00
 176.3000000       3.22235e-20       3.22235e-20       0.00000e+00
 176.4000000       4.69589e-20       4.69589e-20       0.00000e+00
 176.5000000       8.61557e-20       8.61557e-20       0.00000e+00
 176.6000000       4.85230e-20       4.85230e-20       0.00000e+00
 176.7000000       5.13356e-20       5.13356e-20       0.00000e+00
 176.8000000       5.55418e-20       5.55418e-20       0.00000e+00
 176.9000000       4.56586e-20       4.56586e-20       0.00000e+00
 177.0000000       3.57755e-20       3.57755e-20       0.00000e+00
 177.1000000       2.58923e-20       2.58923e-20       0.00000e+00
 177.2000000       2.18054e-20       2.18054e-20       0.00000e+00
 177.3000000       4.33118e-20       4.33118e-20       0.00000e+00
 177.4000000       3.56086e-20       3.56086e-20       0.00000e+00
 177.5000000       2.12466e-20       2.12466e-20       0.00000e+00
 177.6000000       1.85476e-20       1.85476e-20       0.00000e+00
 177.7000000       1.65702e-20       1.65702e-20       0.00000e+00
 177.8000000       1.21038e-20       1.21038e-20       0.00000e+00
 177.9000000       9.25664e-21       9.25664e-21       0.00000e+00
 178.0000000       8.83468e-21       8.83468e-21       0.00000e+00
 178.1000000       8.41272e-21       8.41272e-21       0.00000e+00
 178.2000000       8.23978e-21       8.23978e-21       0.00000e+00
 178.3000000       9.60404e-21       9.60404e-21       0.00000e+00
 178.4000000       1.12318e-20       1.12318e-20       0.00000e+00
 178.5000000       1.21050e-20       1.21050e-20       0.00000e+00
 178.6000000       1.08416e-20       1.08416e-20       0.00000e+00
 178.7000000       9.44831e-21       9.44831e-21       0.00000e+00
 178.8000000       9.35277e-21       7.24047e-21       0.00000e+00
 178.9000000       1.07020e-20       4.12581e-21       0.00000e+00
 179.0000000       1.21838e-20       1.05856e-21       0.00000e+00
 179.1000000       2.11647e-20       0.00000e+00       0.00000e+00
 179.2000000       3.98438e-20       0.00000e+00       0.00000e+00
 179.3000000       3.11484e-20       0.00000e+00       0.00000e+00
 179.4000000       2.24531e-20       0.00000e+00       0.00000e+00
 179.5000000       1.48448e-20       0.00000e+00       0.00000e+00
 179.6000000       1.31347e-20       0.00000e+00       0.00000e+00
 179.7000000       1.23105e-20       0.00000e+00       0.00000e+00
 179.8000000       1.14862e-20       0.00000e+00       0.00000e+00
 179.9000000       1.06620e-20       0.00000e+00       0.00000e+00
 180.0000000       9.83778e-21       0.00000e+00       0.00000e+00
 180.1000000       1.48892e-20       0.00000e+00       0.00000e+00
 180.2000000       1.81132e-20       0.00000e+00       0.00000e+00
 180.3000000       1.05395e-20       0.00000e+00       0.00000e+00
 180.4000000       7.31871e-21       0.00000e+00       0.00000e+00
 180.5000000       6.50132e-21       0.00000e+00       0.00000e+00
 180.6000000       5.70163e-21       0.00000e+00       0.00000e+00
 180.7000000       5.10124e-21       0.00000e+00       0.00000e+00
 180.8000000       4.55670e-21       0.00000e+00       0.00000e+00
 180.9000000       4.28745e-21       0.00000e+00       0.00000e+00
 181.0000000       5.41069e-21       0.00000e+00       0.00000e+00
 181.1000000       6.72759e-21       0.00000e+00       0.00000e+00
 181.2000000       7.46555e-21       0.00000e+00       0.00000e+00
 181.3000000       6.38190e-21       0.00000e+00       0.00000e+00
 181.4000000       5.48593e-21       0.00000e+00       0.00000e+00
 181.5000000       5.25944e-21       0.00000e+00       0.00000e+00
 181.6000000       5.05391e-21       0.00000e+00       0.00000e+00
 181.7000000       4.84837e-21       0.00000e+00       0.00000e+00
 181.8000000       5.65459e-21       0.00000e+00       0.00000e+00
 181.9000000       7.47693e-21       0.00000e+00       0.00000e+00
 182.0000000       9.26939e-21       0.00000e+00       0.00000e+00
 182.1000000       7.17382e-21       0.00000e+00       0.00000e+00
 182.2000000       5.38968e-21       0.00000e+00       0.00000e+00
 182.3000000       5.25220e-21       0.00000e+00       0.00000e+00
 182.4000000       5.11472e-21       0.00000e+00       0.00000e+00
 182.5000000       4.97724e-21       0.00000e+00       0.00000e+00
 182.6000000       4.83976e-21       0.00000e+00       0.00000e+00
 182.7000000       4.70136e-21       0.00000e+00       0.00000e+00
 182.8000000       4.55503e-21       0.00000e+00       0.00000e+00
 182.9000000       4.40688e-21       0.00000e+00       0.00000e+00
 183.0000000       4.25873e-21       0.00000e+00       0.00000e+00
 183.1000000       4.11058e-21       0.00000e+00       0.00000e+00
 183.2000000       3.96243e-21       0.00000e+00       0.00000e+00
 183.3000000       3.81428e-21       0.00000e+00       0.00000e+00
 183.4000000       3.66613e-21       0.00000e+00       0.00000e+00
 183.5000000       3.51797e-21       0.00000e+00       0.00000e+00
 183.6000000       3.36982e-21       0.00000e+00       0.00000e+00
 183.7000000       3.22167e-21       0.00000e+00       0.00000e+00
 183.8000000       3.08710e-21       0.00000e+00       0.00000e+00
 183.9000000       2.98375e-21       0.00000e+00       0.00000e+00
 184.0000000       2.88164e-21       0.00000e+00       0.00000e+00
 184.1000000       2.77953e-21       0.00000e+00       0.00000e+00
 184.2000000       2.67742e-21       0.00000e+00       0.00000e+00
 184.3000000       2.57530e-21       0.00000e+00       0.00000e+00
 184.4000000       2.47319e-21       0.00000e+00       0.00000e+00
 184.5000000       2.37108e-21       0.00000e+00       0.00000e+00
 184.6000000       2.26897e-21       0.00000e+00       0.00000e+00
 184.7000000       2.16686e-21       0.00000e+00       0.00000e+00
 184.8000000       2.06474e-21       0.00000e+00       0.00000e+00
 184.9000000       1.96263e-21       0.00000e+00       0.00000e+00
 185.0000000       1.86052e-21       0.00000e+00       0.00000e+00
 185.1000000       1.75841e-21       0.00000e+00       0.00000e+00
 185.2000000       1.65630e-21       0.00000e+00       0.00000e+00
 185.3000000       1.55428e-21       0.00000e+00       0.00000e+00
 185.4000000       1.48942e-21       0.00000e+00       0.00000e+00
 185.5000000       1.45495e-21       0.00000e+00       0.00000e+00
 185.6000000       1.42048e-21       0.00000e+00       0.00000e+00
 185.7000000       1.38600e-21       0.00000e+00       0.00000e+00
 185.8000000       1.35153e-21       0.00000e+00       0.00000e+00
 185.9000000       1.31706e-21       0.00000e+00       0.00000e+00
 186.0000000       1.28259e-21       0.00000e+00       0.00000e+00
 186.1000000       1.24812e-21       0.00000e+00       0.00000e+00
 186.2000000       1.21365e-21       0.00000e+00       0.00000e+00
 186.3000000       1.17917e-21       0.00000e+00       0.00000e+00
 186.4000000       1.14470e-21       0.00000e+00       0.00000e+00
 186.5000000       1.11023e-21       0.00000e+00       0.00000e+00
 186.6000000       1.07576e-21       0.00000e+00       0.00000e+00
 186.7000000       1.04129e-21       0.00000e+00       0.00000e+00
 186.8000000       1.00681e-21       0.00000e+00       0.00000e+00
 186.9000000       9.72343e-22       0.00000e+00       0.00000e+00
 187.0000000       9.37871e-22       0.00000e+00       0.00000e+00
 187.1000000       9.03400e-22       0.00000e+00       0.00000e+00
 187.2000000       8.68928e-22       0.00000e+00       0.00000e+00
 187.3000000       8.34456e-22       0.00000e+00       0.00000e+00
 187.4000000       7.99984e-22       0.00000e+00       0.00000e+00
 187.5000000       7.65512e-22       0.00000e+00       0.00000e+00
 187.6000000       7.31041e-22       0.00000e+00       0.00000e+00
 187.7000000       6.96569e-22       0.00000e+00       0.00000e+00
 187.8000000       6.62097e-22       0.00000e+00       0.00000e+00
 187.9000000       6.36243e-22       0.00000e+00       0.00000e+00
