# H2 cross sections
# Alan Heays 2016-04-19
# References: abgrall_etal2000, chan1992, backx1976
# 
# wavelength   photoabsorption photodissociation   photoionisation
  17.8000000       1.84250e-19       0.00000e+00       1.84250e-19
  17.9000000       1.89200e-19       0.00000e+00       1.89200e-19
  18.0000000       1.95800e-19       0.00000e+00       1.95800e-19
  18.1000000       2.02400e-19       0.00000e+00       2.02400e-19
  18.2000000       2.08633e-19       0.00000e+00       2.08633e-19
  18.3000000       2.12667e-19       0.00000e+00       2.12667e-19
  18.4000000       2.16333e-19       0.00000e+00       2.16333e-19
  18.5000000       2.20000e-19       0.00000e+00       2.20000e-19
  18.6000000       2.23667e-19       0.00000e+00       2.23667e-19
  18.7000000       2.27333e-19       0.00000e+00       2.27333e-19
  18.8000000       2.30979e-19       0.00000e+00       2.30979e-19
  18.9000000       2.34500e-19       0.00000e+00       2.34500e-19
  19.0000000       2.38000e-19       0.00000e+00       2.38000e-19
  19.1000000       2.41500e-19       0.00000e+00       2.41500e-19
  19.2000000       2.45000e-19       0.00000e+00       2.45000e-19
  19.3000000       2.48500e-19       0.00000e+00       2.48500e-19
  19.4000000       2.51563e-19       0.00000e+00       2.51563e-19
  19.5000000       2.52000e-19       0.00000e+00       2.52000e-19
  19.6000000       2.52000e-19       0.00000e+00       2.52000e-19
  19.7000000       2.52000e-19       0.00000e+00       2.52000e-19
  19.8000000       2.52000e-19       0.00000e+00       2.52000e-19
  19.9000000       2.52000e-19       0.00000e+00       2.52000e-19
  20.0000000       2.52196e-19       0.00000e+00       2.52196e-19
  20.1000000       2.53571e-19       0.00000e+00       2.53571e-19
  20.2000000       2.55143e-19       0.00000e+00       2.55143e-19
  20.3000000       2.56714e-19       0.00000e+00       2.56714e-19
  20.4000000       2.58286e-19       0.00000e+00       2.58286e-19
  20.5000000       2.59857e-19       0.00000e+00       2.59857e-19
  20.6000000       2.61429e-19       0.00000e+00       2.61429e-19
  20.7000000       2.64571e-19       0.00000e+00       2.64571e-19
  20.8000000       2.77143e-19       0.00000e+00       2.77143e-19
  20.9000000       2.91286e-19       0.00000e+00       2.91286e-19
  21.0000000       3.05429e-19       0.00000e+00       3.05429e-19
  21.1000000       3.19571e-19       0.00000e+00       3.19571e-19
  21.2000000       3.33714e-19       0.00000e+00       3.33714e-19
  21.3000000       3.47857e-19       0.00000e+00       3.47857e-19
  21.4000000       3.60036e-19       0.00000e+00       3.60036e-19
  21.5000000       3.60429e-19       0.00000e+00       3.60429e-19
  21.6000000       3.58857e-19       0.00000e+00       3.58857e-19
  21.7000000       3.57286e-19       0.00000e+00       3.57286e-19
  21.8000000       3.55714e-19       0.00000e+00       3.55714e-19
  21.9000000       3.54143e-19       0.00000e+00       3.54143e-19
  22.0000000       3.52571e-19       0.00000e+00       3.52571e-19
  22.1000000       3.52266e-19       0.00000e+00       3.52266e-19
  22.2000000       3.59556e-19       0.00000e+00       3.59556e-19
  22.3000000       3.68111e-19       0.00000e+00       3.68111e-19
  22.4000000       3.76667e-19       0.00000e+00       3.76667e-19
  22.5000000       3.85222e-19       0.00000e+00       3.85222e-19
  22.6000000       3.93778e-19       0.00000e+00       3.93778e-19
  22.7000000       4.02333e-19       0.00000e+00       4.02333e-19
  22.8000000       4.10889e-19       0.00000e+00       4.10889e-19
  22.9000000       4.19444e-19       0.00000e+00       4.19444e-19
  23.0000000       4.27274e-19       0.00000e+00       4.27274e-19
  23.1000000       4.30750e-19       0.00000e+00       4.30750e-19
  23.2000000       4.33500e-19       0.00000e+00       4.33500e-19
  23.3000000       4.36250e-19       0.00000e+00       4.36250e-19
  23.4000000       4.39000e-19       0.00000e+00       4.39000e-19
  23.5000000       4.41750e-19       0.00000e+00       4.41750e-19
  23.6000000       4.44500e-19       0.00000e+00       4.44500e-19
  23.7000000       4.47250e-19       0.00000e+00       4.47250e-19
  23.8000000       4.50619e-19       0.00000e+00       4.50619e-19
  23.9000000       4.57700e-19       0.00000e+00       4.57700e-19
  24.0000000       4.65400e-19       0.00000e+00       4.65400e-19
  24.1000000       4.73100e-19       0.00000e+00       4.73100e-19
  24.2000000       4.80800e-19       0.00000e+00       4.80800e-19
  24.3000000       4.88500e-19       0.00000e+00       4.88500e-19
  24.4000000       4.96200e-19       0.00000e+00       4.96200e-19
  24.5000000       5.03900e-19       0.00000e+00       5.03900e-19
  24.6000000       5.11600e-19       0.00000e+00       5.11600e-19
  24.7000000       5.19300e-19       0.00000e+00       5.19300e-19
  24.8000000       5.27825e-19       0.00000e+00       5.27825e-19
  24.9000000       5.41300e-19       0.00000e+00       5.41300e-19
  25.0000000       5.55600e-19       0.00000e+00       5.55600e-19
  25.1000000       5.69900e-19       0.00000e+00       5.69900e-19
  25.2000000       5.84200e-19       0.00000e+00       5.84200e-19
  25.3000000       5.98500e-19       0.00000e+00       5.98500e-19
  25.4000000       6.12800e-19       0.00000e+00       6.12800e-19
  25.5000000       6.27100e-19       0.00000e+00       6.27100e-19
  25.6000000       6.41400e-19       0.00000e+00       6.41400e-19
  25.7000000       6.55700e-19       0.00000e+00       6.55700e-19
  25.8000000       6.68660e-19       0.00000e+00       6.68660e-19
  25.9000000       6.73583e-19       0.00000e+00       6.73583e-19
  26.0000000       6.77167e-19       0.00000e+00       6.77167e-19
  26.1000000       6.80750e-19       0.00000e+00       6.80750e-19
  26.2000000       6.84333e-19       0.00000e+00       6.84333e-19
  26.3000000       6.87917e-19       0.00000e+00       6.87917e-19
  26.4000000       6.91500e-19       0.00000e+00       6.91500e-19
  26.5000000       6.95083e-19       0.00000e+00       6.95083e-19
  26.6000000       6.98667e-19       0.00000e+00       6.98667e-19
  26.7000000       7.02250e-19       0.00000e+00       7.02250e-19
  26.8000000       7.05833e-19       0.00000e+00       7.05833e-19
  26.9000000       7.09417e-19       0.00000e+00       7.09417e-19
  27.0000000       7.13240e-19       0.00000e+00       7.13240e-19
  27.1000000       7.18500e-19       0.00000e+00       7.18500e-19
  27.2000000       7.24000e-19       0.00000e+00       7.24000e-19
  27.3000000       7.29500e-19       0.00000e+00       7.29500e-19
  27.4000000       7.35000e-19       0.00000e+00       7.35000e-19
  27.5000000       7.40500e-19       0.00000e+00       7.40500e-19
  27.6000000       7.46000e-19       0.00000e+00       7.46000e-19
  27.7000000       7.51500e-19       0.00000e+00       7.51500e-19
  27.8000000       7.57000e-19       0.00000e+00       7.57000e-19
  27.9000000       7.62500e-19       0.00000e+00       7.62500e-19
  28.0000000       7.68000e-19       0.00000e+00       7.68000e-19
  28.1000000       7.73500e-19       0.00000e+00       7.73500e-19
  28.2000000       7.79688e-19       0.00000e+00       7.79688e-19
  28.3000000       7.90000e-19       0.00000e+00       7.90000e-19
  28.4000000       8.01000e-19       0.00000e+00       8.01000e-19
  28.5000000       8.12000e-19       0.00000e+00       8.12000e-19
  28.6000000       8.23000e-19       0.00000e+00       8.23000e-19
  28.7000000       8.34000e-19       0.00000e+00       8.34000e-19
  28.8000000       8.45000e-19       0.00000e+00       8.45000e-19
  28.9000000       8.56000e-19       0.00000e+00       8.56000e-19
  29.0000000       8.67000e-19       0.00000e+00       8.67000e-19
  29.1000000       8.78000e-19       0.00000e+00       8.78000e-19
  29.2000000       8.89000e-19       0.00000e+00       8.89000e-19
  29.3000000       9.00000e-19       0.00000e+00       9.00000e-19
  29.4000000       9.11000e-19       0.00000e+00       9.11000e-19
  29.5000000       9.22025e-19       0.00000e+00       9.22025e-19
  29.6000000       9.33200e-19       0.00000e+00       9.33200e-19
  29.7000000       9.44400e-19       0.00000e+00       9.44400e-19
  29.8000000       9.55600e-19       0.00000e+00       9.55600e-19
  29.9000000       9.66800e-19       0.00000e+00       9.66800e-19
  30.0000000       9.78000e-19       0.00000e+00       9.78000e-19
  30.1000000       9.89200e-19       0.00000e+00       9.89200e-19
  30.2000000       1.00040e-18       0.00000e+00       1.00040e-18
  30.3000000       1.01160e-18       0.00000e+00       1.01160e-18
  30.4000000       1.02280e-18       0.00000e+00       1.02280e-18
  30.5000000       1.03400e-18       0.00000e+00       1.03400e-18
  30.6000000       1.04520e-18       0.00000e+00       1.04520e-18
  30.7000000       1.05640e-18       0.00000e+00       1.05640e-18
  30.8000000       1.06760e-18       0.00000e+00       1.06760e-18
  30.9000000       1.07880e-18       0.00000e+00       1.07880e-18
  31.0000000       1.09048e-18       0.00000e+00       1.09048e-18
  31.1000000       1.10500e-18       0.00000e+00       1.10500e-18
  31.2000000       1.12000e-18       0.00000e+00       1.12000e-18
  31.3000000       1.13500e-18       0.00000e+00       1.13500e-18
  31.4000000       1.15000e-18       0.00000e+00       1.15000e-18
  31.5000000       1.16500e-18       0.00000e+00       1.16500e-18
  31.6000000       1.18000e-18       0.00000e+00       1.18000e-18
  31.7000000       1.19500e-18       0.00000e+00       1.19500e-18
  31.8000000       1.21141e-18       0.00000e+00       1.21141e-18
  31.9000000       1.23625e-18       0.00000e+00       1.23625e-18
  32.0000000       1.26250e-18       0.00000e+00       1.26250e-18
  32.1000000       1.28875e-18       0.00000e+00       1.28875e-18
  32.2000000       1.31500e-18       0.00000e+00       1.31500e-18
  32.3000000       1.34125e-18       0.00000e+00       1.34125e-18
  32.4000000       1.36750e-18       0.00000e+00       1.36750e-18
  32.5000000       1.39375e-18       0.00000e+00       1.39375e-18
  32.6000000       1.41700e-18       0.00000e+00       1.41700e-18
  32.7000000       1.42222e-18       0.00000e+00       1.42222e-18
  32.8000000       1.42444e-18       0.00000e+00       1.42444e-18
  32.9000000       1.42667e-18       0.00000e+00       1.42667e-18
  33.0000000       1.42889e-18       0.00000e+00       1.42889e-18
  33.1000000       1.43111e-18       0.00000e+00       1.43111e-18
  33.2000000       1.43333e-18       0.00000e+00       1.43333e-18
  33.3000000       1.43556e-18       0.00000e+00       1.43556e-18
  33.4000000       1.43778e-18       0.00000e+00       1.43778e-18
  33.5000000       1.44097e-18       0.00000e+00       1.44097e-18
  33.6000000       1.45000e-18       0.00000e+00       1.45000e-18
  33.7000000       1.46000e-18       0.00000e+00       1.46000e-18
  33.8000000       1.47000e-18       0.00000e+00       1.47000e-18
  33.9000000       1.48000e-18       0.00000e+00       1.48000e-18
  34.0000000       1.49000e-18       0.00000e+00       1.49000e-18
  34.1000000       1.50000e-18       0.00000e+00       1.50000e-18
  34.2000000       1.51000e-18       0.00000e+00       1.51000e-18
  34.3000000       1.52000e-18       0.00000e+00       1.52000e-18
  34.4000000       1.53088e-18       0.00000e+00       1.53088e-18
  34.5000000       1.54700e-18       0.00000e+00       1.54700e-18
  34.6000000       1.56400e-18       0.00000e+00       1.56400e-18
  34.7000000       1.58100e-18       0.00000e+00       1.58100e-18
  34.8000000       1.59800e-18       0.00000e+00       1.59800e-18
  34.9000000       1.61500e-18       0.00000e+00       1.61500e-18
  35.0000000       1.63200e-18       0.00000e+00       1.63200e-18
  35.1000000       1.64900e-18       0.00000e+00       1.64900e-18
  35.2000000       1.66600e-18       0.00000e+00       1.66600e-18
  35.3000000       1.68300e-18       0.00000e+00       1.68300e-18
  35.4000000       1.70003e-18       0.00000e+00       1.70003e-18
  35.5000000       1.71727e-18       0.00000e+00       1.71727e-18
  35.6000000       1.73455e-18       0.00000e+00       1.73455e-18
  35.7000000       1.75182e-18       0.00000e+00       1.75182e-18
  35.8000000       1.76909e-18       0.00000e+00       1.76909e-18
  35.9000000       1.78636e-18       0.00000e+00       1.78636e-18
  36.0000000       1.80364e-18       0.00000e+00       1.80364e-18
  36.1000000       1.82091e-18       0.00000e+00       1.82091e-18
  36.2000000       1.83818e-18       0.00000e+00       1.83818e-18
  36.3000000       1.85545e-18       0.00000e+00       1.85545e-18
  36.4000000       1.87273e-18       0.00000e+00       1.87273e-18
  36.5000000       1.89011e-18       0.00000e+00       1.89011e-18
  36.6000000       1.90818e-18       0.00000e+00       1.90818e-18
  36.7000000       1.92636e-18       0.00000e+00       1.92636e-18
  36.8000000       1.94455e-18       0.00000e+00       1.94455e-18
  36.9000000       1.96273e-18       0.00000e+00       1.96273e-18
  37.0000000       1.98091e-18       0.00000e+00       1.98091e-18
  37.1000000       1.99909e-18       0.00000e+00       1.99909e-18
  37.2000000       2.01727e-18       0.00000e+00       2.01727e-18
  37.3000000       2.03545e-18       0.00000e+00       2.03545e-18
  37.4000000       2.05364e-18       0.00000e+00       2.05364e-18
  37.5000000       2.07182e-18       0.00000e+00       2.07182e-18
  37.6000000       2.08966e-18       0.00000e+00       2.08966e-18
  37.7000000       2.10545e-18       0.00000e+00       2.10545e-18
  37.8000000       2.12091e-18       0.00000e+00       2.12091e-18
  37.9000000       2.13636e-18       0.00000e+00       2.13636e-18
  38.0000000       2.15182e-18       0.00000e+00       2.15182e-18
  38.1000000       2.16727e-18       0.00000e+00       2.16727e-18
  38.2000000       2.18273e-18       0.00000e+00       2.18273e-18
  38.3000000       2.19818e-18       0.00000e+00       2.19818e-18
  38.4000000       2.21364e-18       0.00000e+00       2.21364e-18
  38.5000000       2.22909e-18       0.00000e+00       2.22909e-18
  38.6000000       2.24455e-18       0.00000e+00       2.24455e-18
  38.7000000       2.26028e-18       0.00000e+00       2.26028e-18
  38.8000000       2.27769e-18       0.00000e+00       2.27769e-18
  38.9000000       2.29538e-18       0.00000e+00       2.29538e-18
  39.0000000       2.31308e-18       0.00000e+00       2.31308e-18
  39.1000000       2.33077e-18       0.00000e+00       2.33077e-18
  39.2000000       2.34846e-18       0.00000e+00       2.34846e-18
  39.3000000       2.36615e-18       0.00000e+00       2.36615e-18
  39.4000000       2.38385e-18       0.00000e+00       2.38385e-18
  39.5000000       2.40154e-18       0.00000e+00       2.40154e-18
  39.6000000       2.41923e-18       0.00000e+00       2.41923e-18
  39.7000000       2.43692e-18       0.00000e+00       2.43692e-18
  39.8000000       2.45462e-18       0.00000e+00       2.45462e-18
  39.9000000       2.47231e-18       0.00000e+00       2.47231e-18
  40.0000000       2.48981e-18       0.00000e+00       2.48981e-18
  40.1000000       2.50615e-18       0.00000e+00       2.50615e-18
  40.2000000       2.52231e-18       0.00000e+00       2.52231e-18
  40.3000000       2.53846e-18       0.00000e+00       2.53846e-18
  40.4000000       2.55462e-18       0.00000e+00       2.55462e-18
  40.5000000       2.57077e-18       0.00000e+00       2.57077e-18
  40.6000000       2.58692e-18       0.00000e+00       2.58692e-18
  40.7000000       2.60308e-18       0.00000e+00       2.60308e-18
  40.8000000       2.61923e-18       0.00000e+00       2.61923e-18
  40.9000000       2.63538e-18       0.00000e+00       2.63538e-18
  41.0000000       2.65154e-18       0.00000e+00       2.65154e-18
  41.1000000       2.66769e-18       0.00000e+00       2.66769e-18
  41.2000000       2.68385e-18       0.00000e+00       2.68385e-18
  41.3000000       2.69998e-18       0.00000e+00       2.69998e-18
  41.4000000       2.71600e-18       0.00000e+00       2.71600e-18
  41.5000000       2.73200e-18       0.00000e+00       2.73200e-18
  41.6000000       2.74800e-18       0.00000e+00       2.74800e-18
  41.7000000       2.76400e-18       0.00000e+00       2.76400e-18
  41.8000000       2.78000e-18       0.00000e+00       2.78000e-18
  41.9000000       2.79600e-18       0.00000e+00       2.79600e-18
  42.0000000       2.81200e-18       0.00000e+00       2.81200e-18
  42.1000000       2.82800e-18       0.00000e+00       2.82800e-18
  42.2000000       2.84400e-18       0.00000e+00       2.84400e-18
  42.3000000       2.86000e-18       0.00000e+00       2.86000e-18
  42.4000000       2.87600e-18       0.00000e+00       2.87600e-18
  42.5000000       2.89200e-18       0.00000e+00       2.89200e-18
  42.6000000       2.90800e-18       0.00000e+00       2.90800e-18
  42.7000000       2.92400e-18       0.00000e+00       2.92400e-18
  42.8000000       2.93992e-18       0.00000e+00       2.93992e-18
  42.9000000       2.95533e-18       0.00000e+00       2.95533e-18
  43.0000000       2.97067e-18       0.00000e+00       2.97067e-18
  43.1000000       2.98600e-18       0.00000e+00       2.98600e-18
  43.2000000       3.00133e-18       0.00000e+00       3.00133e-18
  43.3000000       3.01667e-18       0.00000e+00       3.01667e-18
  43.4000000       3.03200e-18       0.00000e+00       3.03200e-18
  43.5000000       3.04733e-18       0.00000e+00       3.04733e-18
  43.6000000       3.06267e-18       0.00000e+00       3.06267e-18
  43.7000000       3.07800e-18       0.00000e+00       3.07800e-18
  43.8000000       3.09333e-18       0.00000e+00       3.09333e-18
  43.9000000       3.10867e-18       0.00000e+00       3.10867e-18
  44.0000000       3.12400e-18       0.00000e+00       3.12400e-18
  44.1000000       3.13933e-18       0.00000e+00       3.13933e-18
  44.2000000       3.15467e-18       0.00000e+00       3.15467e-18
  44.3000000       3.17113e-18       0.00000e+00       3.17113e-18
  44.4000000       3.19438e-18       0.00000e+00       3.19438e-18
  44.5000000       3.21875e-18       0.00000e+00       3.21875e-18
  44.6000000       3.24313e-18       0.00000e+00       3.24313e-18
  44.7000000       3.26750e-18       0.00000e+00       3.26750e-18
  44.8000000       3.29188e-18       0.00000e+00       3.29188e-18
  44.9000000       3.31625e-18       0.00000e+00       3.31625e-18
  45.0000000       3.34063e-18       0.00000e+00       3.34063e-18
  45.1000000       3.36500e-18       0.00000e+00       3.36500e-18
  45.2000000       3.38938e-18       0.00000e+00       3.38938e-18
  45.3000000       3.41375e-18       0.00000e+00       3.41375e-18
  45.4000000       3.43813e-18       0.00000e+00       3.43813e-18
  45.5000000       3.46250e-18       0.00000e+00       3.46250e-18
  45.6000000       3.48688e-18       0.00000e+00       3.48688e-18
  45.7000000       3.51125e-18       0.00000e+00       3.51125e-18
  45.8000000       3.53563e-18       0.00000e+00       3.53563e-18
  45.9000000       3.55883e-18       0.00000e+00       3.55883e-18
  46.0000000       3.57500e-18       0.00000e+00       3.57500e-18
  46.1000000       3.59000e-18       0.00000e+00       3.59000e-18
  46.2000000       3.60500e-18       0.00000e+00       3.60500e-18
  46.3000000       3.62000e-18       0.00000e+00       3.62000e-18
  46.4000000       3.63500e-18       0.00000e+00       3.63500e-18
  46.5000000       3.65000e-18       0.00000e+00       3.65000e-18
  46.6000000       3.66500e-18       0.00000e+00       3.66500e-18
  46.7000000       3.68000e-18       0.00000e+00       3.68000e-18
  46.8000000       3.69500e-18       0.00000e+00       3.69500e-18
  46.9000000       3.71000e-18       0.00000e+00       3.71000e-18
  47.0000000       3.72500e-18       0.00000e+00       3.72500e-18
  47.1000000       3.74000e-18       0.00000e+00       3.74000e-18
  47.2000000       3.75500e-18       0.00000e+00       3.75500e-18
  47.3000000       3.77000e-18       0.00000e+00       3.77000e-18
  47.4000000       3.78500e-18       0.00000e+00       3.78500e-18
  47.5000000       3.80000e-18       0.00000e+00       3.80000e-18
  47.6000000       3.81500e-18       0.00000e+00       3.81500e-18
  47.7000000       3.83122e-18       0.00000e+00       3.83122e-18
  47.8000000       3.85474e-18       0.00000e+00       3.85474e-18
  47.9000000       3.87947e-18       0.00000e+00       3.87947e-18
  48.0000000       3.90421e-18       0.00000e+00       3.90421e-18
  48.1000000       3.92895e-18       0.00000e+00       3.92895e-18
  48.2000000       3.95368e-18       0.00000e+00       3.95368e-18
  48.3000000       3.97842e-18       0.00000e+00       3.97842e-18
  48.4000000       4.00316e-18       0.00000e+00       4.00316e-18
  48.5000000       4.02789e-18       0.00000e+00       4.02789e-18
  48.6000000       4.05263e-18       0.00000e+00       4.05263e-18
  48.7000000       4.07737e-18       0.00000e+00       4.07737e-18
  48.8000000       4.10211e-18       0.00000e+00       4.10211e-18
  48.9000000       4.12684e-18       0.00000e+00       4.12684e-18
  49.0000000       4.15158e-18       0.00000e+00       4.15158e-18
  49.1000000       4.17632e-18       0.00000e+00       4.17632e-18
  49.2000000       4.20105e-18       0.00000e+00       4.20105e-18
  49.3000000       4.22579e-18       0.00000e+00       4.22579e-18
  49.4000000       4.25053e-18       0.00000e+00       4.25053e-18
  49.5000000       4.27526e-18       0.00000e+00       4.27526e-18
  49.6000000       4.29994e-18       0.00000e+00       4.29994e-18
  49.7000000       4.32429e-18       0.00000e+00       4.32429e-18
  49.8000000       4.34857e-18       0.00000e+00       4.34857e-18
  49.9000000       4.37286e-18       0.00000e+00       4.37286e-18
  50.0000000       4.39714e-18       0.00000e+00       4.39714e-18
  50.1000000       4.42143e-18       0.00000e+00       4.42143e-18
  50.2000000       4.44571e-18       0.00000e+00       4.44571e-18
  50.3000000       4.47000e-18       0.00000e+00       4.47000e-18
  50.4000000       4.49429e-18       0.00000e+00       4.49429e-18
  50.5000000       4.51857e-18       0.00000e+00       4.51857e-18
  50.6000000       4.54286e-18       0.00000e+00       4.54286e-18
  50.7000000       4.56714e-18       0.00000e+00       4.56714e-18
  50.8000000       4.59143e-18       0.00000e+00       4.59143e-18
  50.9000000       4.61571e-18       0.00000e+00       4.61571e-18
  51.0000000       4.64000e-18       0.00000e+00       4.64000e-18
  51.1000000       4.66429e-18       0.00000e+00       4.66429e-18
  51.2000000       4.68857e-18       0.00000e+00       4.68857e-18
  51.3000000       4.71286e-18       0.00000e+00       4.71286e-18
  51.4000000       4.73714e-18       0.00000e+00       4.73714e-18
  51.5000000       4.76143e-18       0.00000e+00       4.76143e-18
  51.6000000       4.78571e-18       0.00000e+00       4.78571e-18
  51.7000000       4.81032e-18       0.00000e+00       4.81032e-18
  51.8000000       4.83682e-18       0.00000e+00       4.83682e-18
  51.9000000       4.86364e-18       0.00000e+00       4.86364e-18
  52.0000000       4.89045e-18       0.00000e+00       4.89045e-18
  52.1000000       4.91727e-18       0.00000e+00       4.91727e-18
  52.2000000       4.94409e-18       0.00000e+00       4.94409e-18
  52.3000000       4.97091e-18       0.00000e+00       4.97091e-18
  52.4000000       4.99773e-18       0.00000e+00       4.99773e-18
  52.5000000       5.02455e-18       0.00000e+00       5.02455e-18
  52.6000000       5.05136e-18       0.00000e+00       5.05136e-18
  52.7000000       5.07818e-18       0.00000e+00       5.07818e-18
  52.8000000       5.10500e-18       0.00000e+00       5.10500e-18
  52.9000000       5.13182e-18       0.00000e+00       5.13182e-18
  53.0000000       5.15864e-18       0.00000e+00       5.15864e-18
  53.1000000       5.18545e-18       0.00000e+00       5.18545e-18
  53.2000000       5.21227e-18       0.00000e+00       5.21227e-18
  53.3000000       5.23909e-18       0.00000e+00       5.23909e-18
  53.4000000       5.26591e-18       0.00000e+00       5.26591e-18
  53.5000000       5.29273e-18       0.00000e+00       5.29273e-18
  53.6000000       5.31955e-18       0.00000e+00       5.31955e-18
  53.7000000       5.34636e-18       0.00000e+00       5.34636e-18
  53.8000000       5.37318e-18       0.00000e+00       5.37318e-18
  53.9000000       5.39990e-18       0.00000e+00       5.39990e-18
  54.0000000       5.42600e-18       0.00000e+00       5.42600e-18
  54.1000000       5.45200e-18       0.00000e+00       5.45200e-18
  54.2000000       5.47800e-18       0.00000e+00       5.47800e-18
  54.3000000       5.50400e-18       0.00000e+00       5.50400e-18
  54.4000000       5.53000e-18       0.00000e+00       5.53000e-18
  54.5000000       5.55600e-18       0.00000e+00       5.55600e-18
  54.6000000       5.58200e-18       0.00000e+00       5.58200e-18
  54.7000000       5.60800e-18       0.00000e+00       5.60800e-18
  54.8000000       5.63400e-18       0.00000e+00       5.63400e-18
  54.9000000       5.66000e-18       0.00000e+00       5.66000e-18
  55.0000000       5.68600e-18       0.00000e+00       5.68600e-18
  55.1000000       5.71200e-18       0.00000e+00       5.71200e-18
  55.2000000       5.73800e-18       0.00000e+00       5.73800e-18
  55.3000000       5.76400e-18       0.00000e+00       5.76400e-18
  55.4000000       5.79000e-18       0.00000e+00       5.79000e-18
  55.5000000       5.81600e-18       0.00000e+00       5.81600e-18
  55.6000000       5.84200e-18       0.00000e+00       5.84200e-18
  55.7000000       5.86800e-18       0.00000e+00       5.86800e-18
  55.8000000       5.89400e-18       0.00000e+00       5.89400e-18
  55.9000000       5.92000e-18       0.00000e+00       5.92000e-18
  56.0000000       5.94600e-18       0.00000e+00       5.94600e-18
  56.1000000       5.97200e-18       0.00000e+00       5.97200e-18
  56.2000000       5.99800e-18       0.00000e+00       5.99800e-18
  56.3000000       6.02400e-18       0.00000e+00       6.02400e-18
  56.4000000       6.04536e-18       0.00000e+00       6.04536e-18
  56.5000000       6.03885e-18       0.00000e+00       6.03885e-18
  56.6000000       6.02769e-18       0.00000e+00       6.02769e-18
  56.7000000       6.01654e-18       0.00000e+00       6.01654e-18
  56.8000000       6.00538e-18       0.00000e+00       6.00538e-18
  56.9000000       5.99423e-18       0.00000e+00       5.99423e-18
  57.0000000       5.98308e-18       0.00000e+00       5.98308e-18
  57.1000000       5.97192e-18       0.00000e+00       5.97192e-18
  57.2000000       5.96077e-18       0.00000e+00       5.96077e-18
  57.3000000       5.94962e-18       0.00000e+00       5.94962e-18
  57.4000000       5.93846e-18       0.00000e+00       5.93846e-18
  57.5000000       5.92731e-18       0.00000e+00       5.92731e-18
  57.6000000       5.91615e-18       0.00000e+00       5.91615e-18
  57.7000000       5.90500e-18       0.00000e+00       5.90500e-18
  57.8000000       5.89385e-18       0.00000e+00       5.89385e-18
  57.9000000       5.88269e-18       0.00000e+00       5.88269e-18
  58.0000000       5.87154e-18       0.00000e+00       5.87154e-18
  58.1000000       5.86038e-18       0.00000e+00       5.86038e-18
  58.2000000       5.84923e-18       0.00000e+00       5.84923e-18
  58.3000000       5.83808e-18       0.00000e+00       5.83808e-18
  58.4000000       5.82692e-18       0.00000e+00       5.82692e-18
  58.5000000       5.81577e-18       0.00000e+00       5.81577e-18
  58.6000000       5.80462e-18       0.00000e+00       5.80462e-18
  58.7000000       5.79346e-18       0.00000e+00       5.79346e-18
  58.8000000       5.78231e-18       0.00000e+00       5.78231e-18
  58.9000000       5.77115e-18       0.00000e+00       5.77115e-18
  59.0000000       5.76919e-18       0.00000e+00       5.76919e-18
  59.1000000       5.82233e-18       0.00000e+00       5.82233e-18
  59.2000000       5.88467e-18       0.00000e+00       5.88467e-18
  59.3000000       5.94700e-18       0.00000e+00       5.94700e-18
  59.4000000       6.00933e-18       0.00000e+00       6.00933e-18
  59.5000000       6.07167e-18       0.00000e+00       6.07167e-18
  59.6000000       6.13400e-18       0.00000e+00       6.13400e-18
  59.7000000       6.19633e-18       0.00000e+00       6.19633e-18
  59.8000000       6.25867e-18       0.00000e+00       6.25867e-18
  59.9000000       6.32100e-18       0.00000e+00       6.32100e-18
  60.0000000       6.38333e-18       0.00000e+00       6.38333e-18
  60.1000000       6.44567e-18       0.00000e+00       6.44567e-18
  60.2000000       6.50800e-18       0.00000e+00       6.50800e-18
  60.3000000       6.57033e-18       0.00000e+00       6.57033e-18
  60.4000000       6.63267e-18       0.00000e+00       6.63267e-18
  60.5000000       6.69500e-18       0.00000e+00       6.69500e-18
  60.6000000       6.75733e-18       0.00000e+00       6.75733e-18
  60.7000000       6.81967e-18       0.00000e+00       6.81967e-18
  60.8000000       6.88200e-18       0.00000e+00       6.88200e-18
  60.9000000       6.94433e-18       0.00000e+00       6.94433e-18
  61.0000000       7.00667e-18       0.00000e+00       7.00667e-18
  61.1000000       7.06900e-18       0.00000e+00       7.06900e-18
  61.2000000       7.13133e-18       0.00000e+00       7.13133e-18
  61.3000000       7.19367e-18       0.00000e+00       7.19367e-18
  61.4000000       7.25600e-18       0.00000e+00       7.25600e-18
  61.5000000       7.31833e-18       0.00000e+00       7.31833e-18
  61.6000000       7.38067e-18       0.00000e+00       7.38067e-18
  61.7000000       7.44300e-18       0.00000e+00       7.44300e-18
  61.8000000       7.50533e-18       0.00000e+00       7.50533e-18
  61.9000000       7.56767e-18       0.00000e+00       7.56767e-18
  62.0000000       7.62479e-18       0.00000e+00       7.62479e-18
  62.1000000       7.65063e-18       0.00000e+00       7.65063e-18
  62.2000000       7.67125e-18       0.00000e+00       7.67125e-18
  62.3000000       7.69188e-18       0.00000e+00       7.69188e-18
  62.4000000       7.71250e-18       0.00000e+00       7.71250e-18
  62.5000000       7.73313e-18       0.00000e+00       7.73313e-18
  62.6000000       7.75375e-18       0.00000e+00       7.75375e-18
  62.7000000       7.77438e-18       0.00000e+00       7.77438e-18
  62.8000000       7.79500e-18       0.00000e+00       7.79500e-18
  62.9000000       7.81563e-18       0.00000e+00       7.81563e-18
  63.0000000       7.83625e-18       0.00000e+00       7.83625e-18
  63.1000000       7.85688e-18       0.00000e+00       7.85688e-18
  63.2000000       7.87750e-18       0.00000e+00       7.87750e-18
  63.3000000       7.89813e-18       0.00000e+00       7.89813e-18
  63.4000000       7.91875e-18       0.00000e+00       7.91875e-18
  63.5000000       7.93938e-18       0.00000e+00       7.93938e-18
  63.6000000       7.96227e-18       0.00000e+00       7.96227e-18
  63.7000000       7.99882e-18       0.00000e+00       7.99882e-18
  63.8000000       8.03765e-18       0.00000e+00       8.03765e-18
  63.9000000       8.07647e-18       0.00000e+00       8.07647e-18
  64.0000000       8.11529e-18       0.00000e+00       8.11529e-18
  64.1000000       8.15412e-18       0.00000e+00       8.15412e-18
  64.2000000       8.19294e-18       0.00000e+00       8.19294e-18
  64.3000000       8.23176e-18       0.00000e+00       8.23176e-18
  64.4000000       8.27059e-18       0.00000e+00       8.27059e-18
  64.5000000       8.30941e-18       0.00000e+00       8.30941e-18
  64.6000000       8.34824e-18       0.00000e+00       8.34824e-18
  64.7000000       8.38706e-18       0.00000e+00       8.38706e-18
  64.8000000       8.42588e-18       0.00000e+00       8.42588e-18
  64.9000000       8.46471e-18       0.00000e+00       8.46471e-18
  65.0000000       8.50353e-18       0.00000e+00       8.50353e-18
  65.1000000       8.54235e-18       0.00000e+00       8.54235e-18
  65.2000000       8.58118e-18       0.00000e+00       8.58118e-18
  65.3000000       8.61831e-18       0.00000e+00       8.61831e-18
  65.4000000       8.64529e-18       0.00000e+00       8.64529e-18
  65.5000000       8.67059e-18       0.00000e+00       8.67059e-18
  65.6000000       8.69588e-18       0.00000e+00       8.69588e-18
  65.7000000       8.72118e-18       0.00000e+00       8.72118e-18
  65.8000000       8.74647e-18       0.00000e+00       8.74647e-18
  65.9000000       8.77176e-18       0.00000e+00       8.77176e-18
  66.0000000       8.79706e-18       0.00000e+00       8.79706e-18
  66.1000000       8.82235e-18       0.00000e+00       8.82235e-18
  66.2000000       8.84765e-18       0.00000e+00       8.84765e-18
  66.3000000       8.87294e-18       0.00000e+00       8.87294e-18
  66.4000000       8.89824e-18       0.00000e+00       8.89824e-18
  66.5000000       8.92353e-18       0.00000e+00       8.92353e-18
  66.6000000       8.94882e-18       0.00000e+00       8.94882e-18
  66.7000000       8.97412e-18       0.00000e+00       8.97412e-18
  66.8000000       8.99941e-18       0.00000e+00       8.99941e-18
  66.9000000       9.02471e-18       0.00000e+00       9.02471e-18
  67.0000000       9.05105e-18       0.00000e+00       9.05105e-18
  67.1000000       9.08368e-18       0.00000e+00       9.08368e-18
  67.2000000       9.11737e-18       0.00000e+00       9.11737e-18
  67.3000000       9.15105e-18       0.00000e+00       9.15105e-18
  67.4000000       9.18474e-18       0.00000e+00       9.18474e-18
  67.5000000       9.21842e-18       0.00000e+00       9.21842e-18
  67.6000000       9.25211e-18       0.00000e+00       9.25211e-18
  67.7000000       9.28579e-18       0.00000e+00       9.28579e-18
  67.8000000       9.31947e-18       0.00000e+00       9.31947e-18
  67.9000000       9.35316e-18       0.00000e+00       9.35316e-18
  68.0000000       9.38684e-18       0.00000e+00       9.38684e-18
  68.1000000       9.42053e-18       0.00000e+00       9.42053e-18
  68.2000000       9.45421e-18       0.00000e+00       9.45421e-18
  68.3000000       9.48789e-18       0.00000e+00       9.48789e-18
  68.4000000       9.52158e-18       0.00000e+00       9.52158e-18
  68.5000000       9.55526e-18       0.00000e+00       9.55526e-18
  68.6000000       9.58895e-18       0.00000e+00       9.58895e-18
  68.7000000       9.62263e-18       0.00000e+00       9.62263e-18
  68.8000000       9.65632e-18       0.00000e+00       9.65632e-18
  68.9000000       9.69065e-18       3.17872e-28       9.69065e-18
  69.0000000       9.72890e-18       2.54297e-27       9.72890e-18
  69.1000000       9.76780e-18       5.08595e-27       9.76780e-18
  69.2000000       9.80670e-18       7.62892e-27       9.80670e-18
  69.3000000       9.84560e-18       1.01719e-26       9.84560e-18
  69.4000000       9.88450e-18       1.27149e-26       9.88450e-18
  69.5000000       9.92340e-18       1.52578e-26       9.92340e-18
  69.6000000       9.96230e-18       1.78008e-26       9.96230e-18
  69.7000000       1.00012e-17       2.03438e-26       1.00012e-17
  69.8000000       1.00401e-17       2.28868e-26       1.00401e-17
  69.9000000       1.00790e-17       2.54297e-26       1.00790e-17
  70.0000000       1.01130e-17       2.77460e-26       1.01130e-17
  70.1000000       1.01173e-17       2.87155e-26       1.01173e-17
  70.2000000       1.01167e-17       2.94888e-26       1.01167e-17
  70.3000000       1.01161e-17       3.03227e-26       1.01161e-17
  70.4000000       1.01156e-17       3.24381e-26       1.01156e-17
  70.5000000       1.01150e-17       3.67205e-26       1.01150e-17
  70.6000000       1.01144e-17       4.06186e-26       1.01144e-17
  70.7000000       1.01634e-17       4.38327e-26       1.01634e-17
  70.8000000       1.03645e-17       4.58123e-26       1.03645e-17
  70.9000000       1.05845e-17       4.74270e-26       1.05845e-17
  71.0000000       1.07111e-17       4.89033e-26       1.07111e-17
  71.1000000       1.07761e-17       5.03660e-26       1.07761e-17
  71.2000000       1.08202e-17       5.18671e-26       1.08202e-17
  71.3000000       1.07687e-17       5.34500e-26       1.07687e-17
  71.4000000       1.06884e-17       5.54400e-26       1.06884e-17
  71.5000000       1.06673e-17       6.06443e-20       1.06066e-17
  71.6000000       1.06058e-17       7.99642e-20       1.05258e-17
  71.7000000       1.05423e-17       9.49883e-20       1.04473e-17
  71.8000000       1.05139e-17       6.31987e-20       1.04507e-17
  71.9000000       1.05765e-17       2.97968e-20       1.05467e-17
  72.0000000       1.07754e-17       1.29260e-19       1.06461e-17
  72.1000000       1.10015e-17       2.52800e-19       1.07487e-17
  72.2000000       1.11176e-17       2.85118e-19       1.08325e-17
  72.3000000       1.08964e-17       6.32927e-20       1.08331e-17
  72.4000000       1.09569e-17       1.45237e-19       1.08116e-17
  72.5000000       1.10707e-17       2.85954e-19       1.07848e-17
  72.6000000       1.11096e-17       3.47221e-19       1.07624e-17
  72.7000000       1.11154e-17       3.60739e-19       1.07546e-17
  72.8000000       1.09475e-17       1.78377e-19       1.07691e-17
  72.9000000       1.09484e-17       1.66334e-19       1.07820e-17
  73.0000000       1.10275e-17       2.53639e-19       1.07739e-17
  73.1000000       1.11995e-17       4.43018e-19       1.07564e-17
  73.2000000       1.12709e-17       5.21290e-19       1.07497e-17
  73.3000000       1.10476e-17       2.86496e-19       1.07611e-17
  73.4000000       1.13909e-17       6.52498e-19       1.07384e-17
  73.5000000       1.09565e-17       2.88723e-19       1.06678e-17
  73.6000000       1.07997e-17       2.12264e-19       1.05874e-17
  73.7000000       1.10456e-17       5.78573e-19       1.04670e-17
  73.8000000       1.22798e-17       1.93370e-18       1.03461e-17
  73.9000000       1.20584e-17       1.83354e-18       1.02248e-17
  74.0000000       1.12038e-17       1.10079e-18       1.01030e-17
  74.1000000       1.14479e-17       1.46711e-18       9.98078e-18
  74.2000000       1.06593e-17       8.01261e-19       9.85808e-18
  74.3000000       1.05243e-17       7.89402e-19       9.73493e-18
  74.4000000       1.14159e-17       1.80458e-18       9.61131e-18
  74.5000000       1.25367e-17       3.04942e-18       9.48724e-18
  74.6000000       1.17399e-17       2.37722e-18       9.36271e-18
  74.7000000       1.09006e-17       1.66284e-18       9.23773e-18
  74.8000000       1.01661e-17       1.05382e-18       9.11228e-18
  74.9000000       1.14406e-17       2.45421e-18       8.98638e-18
  75.0000000       1.21581e-17       3.29806e-18       8.86003e-18
  75.1000000       1.16719e-17       2.93873e-18       8.73321e-18
  75.2000000       1.33394e-17       4.73347e-18       8.60594e-18
  75.3000000       1.21735e-17       3.69531e-18       8.47822e-18
  75.4000000       1.17638e-17       3.41379e-18       8.35003e-18
  75.5000000       1.23593e-17       4.13786e-18       8.22139e-18
  75.6000000       1.02381e-17       2.14583e-18       8.09229e-18
  75.7000000       1.21013e-17       4.13861e-18       7.96274e-18
  75.8000000       1.26500e-17       4.81724e-18       7.83272e-18
  75.9000000       1.16282e-17       3.92594e-18       7.70225e-18
  76.0000000       1.22841e-17       4.71278e-18       7.57133e-18
  76.1000000       1.36258e-17       6.18581e-18       7.43994e-18
  76.2000000       1.11971e-17       3.88900e-18       7.30810e-18
  76.3000000       1.21477e-17       4.97194e-18       7.17580e-18
  76.4000000       1.12314e-17       4.18834e-18       7.04305e-18
  76.5000000       1.35955e-17       6.68562e-18       6.90984e-18
  76.6000000       1.54730e-17       8.69685e-18       6.77617e-18
  76.7000000       1.19640e-17       5.32200e-18       6.64204e-18
  76.8000000       1.02250e-17       3.71758e-18       6.50746e-18
  76.9000000       1.34075e-17       7.03505e-18       6.37242e-18
  77.0000000       1.25261e-17       6.28918e-18       6.23692e-18
  77.1000000       1.04393e-17       4.33834e-18       6.10097e-18
  77.2000000       1.31854e-17       7.22082e-18       5.96456e-18
  77.3000000       1.51502e-17       9.32255e-18       5.82769e-18
  77.4000000       2.18411e-17       1.61507e-17       5.69037e-18
  77.5000000       1.24756e-17       6.92299e-18       5.55258e-18
  77.6000000       9.48580e-18       4.07146e-18       5.41435e-18
  77.7000000       7.13421e-18       1.85856e-18       5.27565e-18
  77.8000000       9.02290e-18       3.88640e-18       5.13650e-18
  77.9000000       1.68102e-17       1.18134e-17       4.99689e-18
  78.0000000       2.07399e-17       1.58830e-17       4.85682e-18
  78.1000000       9.87603e-18       5.15973e-18       4.71630e-18
  78.2000000       8.01072e-18       3.43541e-18       4.57531e-18
  78.3000000       1.12047e-17       6.77084e-18       4.43388e-18
  78.4000000       2.85857e-17       2.42937e-17       4.29198e-18
  78.5000000       1.41674e-17       1.00177e-17       4.14963e-18
  78.6000000       1.50387e-17       1.10319e-17       4.00682e-18
  78.7000000       1.44617e-17       1.05981e-17       3.86355e-18
  78.8000000       1.23399e-17       8.62012e-18       3.71983e-18
  78.9000000       6.35794e-18       2.78229e-18       3.57565e-18
  79.0000000       4.46886e-18       1.03785e-18       3.43101e-18
  79.1000000       1.16715e-17       8.38555e-18       3.28592e-18
  79.2000000       1.46348e-17       1.14944e-17       3.14037e-18
  79.3000000       7.20342e-18       4.20906e-18       2.99436e-18
  79.4000000       2.06789e-17       1.78310e-17       2.84790e-18
  79.5000000       4.19026e-17       3.92017e-17       2.70097e-18
  79.6000000       1.84887e-17       1.59351e-17       2.55359e-18
  79.7000000       1.13505e-17       8.94471e-18       2.40576e-18
  79.8000000       7.82810e-18       5.57063e-18       2.25746e-18
  79.9000000       4.83139e-18       2.72268e-18       2.10871e-18
  80.0000000       2.80835e-18       8.48846e-19       1.95951e-18
  80.1000000       5.35822e-18       3.54838e-18       1.80984e-18
  80.2000000       3.11189e-18       1.45217e-18       1.65972e-18
  80.3000000       4.33409e-18       3.56052e-18       7.73573e-19
  80.4000000       2.32474e-17       2.32474e-17       0.00000e+00
  80.5000000       2.35417e-17       2.35417e-17       0.00000e+00
  80.6000000       3.60774e-17       3.60774e-17       0.00000e+00
  80.7000000       1.69186e-17       1.69186e-17       0.00000e+00
  80.8000000       9.97633e-18       9.97633e-18       0.00000e+00
  80.9000000       6.74659e-18       6.74659e-18       0.00000e+00
  81.0000000       4.82926e-18       4.82926e-18       0.00000e+00
  81.1000000       5.13599e-18       5.13599e-18       0.00000e+00
  81.2000000       9.99066e-19       9.99065e-19       0.00000e+00
  81.3000000       1.86064e-18       1.86064e-18       0.00000e+00
  81.4000000       1.08444e-17       1.08444e-17       0.00000e+00
  81.5000000       3.98086e-17       3.98086e-17       0.00000e+00
  81.6000000       1.45423e-17       1.45423e-17       0.00000e+00
  81.7000000       7.17669e-18       7.17669e-18       0.00000e+00
  81.8000000       6.56661e-18       6.56661e-18       0.00000e+00
  81.9000000       3.52183e-17       3.52183e-17       0.00000e+00
  82.0000000       1.51730e-17       1.51730e-17       0.00000e+00
  82.1000000       5.36436e-18       5.36436e-18       0.00000e+00
  82.2000000       1.98485e-18       1.98485e-18       0.00000e+00
  82.3000000       2.94645e-18       2.94645e-18       0.00000e+00
  82.4000000       1.50187e-18       1.50187e-18       0.00000e+00
  82.5000000       3.38943e-18       3.38943e-18       0.00000e+00
  82.6000000       2.79721e-17       2.79721e-17       0.00000e+00
  82.7000000       3.56819e-17       3.56819e-17       0.00000e+00
  82.8000000       2.11329e-17       2.11329e-17       0.00000e+00
  82.9000000       5.11707e-18       5.11707e-18       0.00000e+00
  83.0000000       7.38993e-19       7.38991e-19       0.00000e+00
  83.1000000       8.34388e-19       8.34386e-19       0.00000e+00
  83.2000000       1.63043e-18       1.63043e-18       0.00000e+00
  83.3000000       2.02134e-17       2.02134e-17       0.00000e+00
  83.4000000       1.24524e-17       1.24524e-17       0.00000e+00
  83.5000000       7.51920e-18       7.51919e-18       0.00000e+00
  83.6000000       4.04693e-18       4.04693e-18       0.00000e+00
  83.7000000       1.41427e-18       1.41427e-18       0.00000e+00
  83.8000000       7.91225e-20       7.91190e-20       0.00000e+00
  83.9000000       4.14026e-17       4.14026e-17       0.00000e+00
  84.0000000       3.99345e-17       3.99345e-17       0.00000e+00
  84.1000000       3.03902e-17       3.03902e-17       0.00000e+00
  84.2000000       7.73049e-18       7.73049e-18       0.00000e+00
  84.3000000       1.85793e-18       1.85792e-18       0.00000e+00
  84.4000000       8.21788e-19       8.21778e-19       0.00000e+00
  84.5000000       2.23666e-18       2.00910e-18       0.00000e+00
  84.6000000       4.05949e-18       3.31896e-18       0.00000e+00
  84.7000000       1.98308e-18       1.22818e-18       0.00000e+00
  84.8000000       1.64482e-17       1.05539e-17       0.00000e+00
  84.9000000       1.78725e-17       8.38309e-18       0.00000e+00
  85.0000000       6.26577e-18       3.71755e-18       0.00000e+00
  85.1000000       4.50404e-18       2.11109e-18       0.00000e+00
  85.2000000       1.94153e-18       1.34640e-18       0.00000e+00
  85.3000000       9.48840e-17       4.90176e-17       0.00000e+00
  85.4000000       5.55007e-17       2.76199e-17       0.00000e+00
  85.5000000       6.19642e-17       3.37393e-17       0.00000e+00
  85.6000000       3.20604e-17       7.02823e-18       0.00000e+00
  85.7000000       1.14540e-17       2.37571e-18       0.00000e+00
  85.8000000       9.00125e-18       3.49662e-18       0.00000e+00
  85.9000000       1.70369e-18       1.21068e-18       0.00000e+00
  86.0000000       6.44167e-18       2.58458e-18       0.00000e+00
  86.1000000       9.26303e-18       4.18238e-18       0.00000e+00
  86.2000000       3.82484e-18       2.43608e-18       0.00000e+00
  86.3000000       3.04718e-18       1.22399e-18       0.00000e+00
  86.4000000       2.05508e-18       1.25829e-18       0.00000e+00
  86.5000000       2.51076e-17       9.78746e-19       0.00000e+00
  86.6000000       1.45613e-17       1.69331e-18       0.00000e+00
  86.7000000       6.39265e-18       5.36007e-19       0.00000e+00
  86.8000000       9.95214e-17       4.62676e-17       0.00000e+00
  86.9000000       7.71320e-17       3.26813e-17       0.00000e+00
  87.0000000       3.38854e-17       1.66854e-17       0.00000e+00
  87.1000000       1.15882e-17       3.72698e-18       0.00000e+00
  87.2000000       6.70633e-18       3.32184e-18       0.00000e+00
  87.3000000       3.94157e-18       1.38482e-18       0.00000e+00
  87.4000000       4.43791e-18       3.13926e-18       0.00000e+00
  87.5000000       1.26396e-18       7.12167e-19       0.00000e+00
  87.6000000       1.59880e-17       1.17437e-18       0.00000e+00
  87.7000000       2.54816e-17       3.33383e-20       0.00000e+00
  87.8000000       2.85783e-17       4.35835e-18       0.00000e+00
  87.9000000       2.70053e-17       5.29177e-18       0.00000e+00
  88.0000000       8.07497e-18       1.91385e-18       0.00000e+00
  88.1000000       4.22010e-18       2.93697e-19       0.00000e+00
  88.2000000       1.52908e-18       1.14584e-19       0.00000e+00
  88.3000000       4.20449e-18       2.38136e-18       0.00000e+00
  88.4000000       5.18074e-18       3.28707e-18       0.00000e+00
  88.5000000       5.16674e-17       2.66503e-17       0.00000e+00
  88.6000000       3.67295e-17       1.87419e-17       0.00000e+00
  88.7000000       1.67231e-17       8.38182e-18       0.00000e+00
  88.8000000       5.52479e-18       2.95445e-18       0.00000e+00
  88.9000000       4.54082e-17       3.12327e-18       0.00000e+00
  89.0000000       5.45107e-17       3.71227e-18       0.00000e+00
  89.1000000       2.73104e-17       2.12451e-18       0.00000e+00
  89.2000000       6.74875e-18       6.39359e-19       0.00000e+00
  89.3000000       7.85951e-18       3.58426e-18       0.00000e+00
  89.4000000       8.18416e-18       4.95714e-18       0.00000e+00
  89.5000000       3.94520e-18       1.78096e-18       0.00000e+00
  89.6000000       1.69100e-18       9.64573e-19       0.00000e+00
  89.7000000       1.16136e-19       3.95804e-23       0.00000e+00
  89.8000000       7.10095e-19       4.44148e-19       0.00000e+00
  89.9000000       4.50629e-18       2.88211e-18       0.00000e+00
  90.0000000       6.64290e-18       4.18546e-18       0.00000e+00
  90.1000000       5.71928e-17       6.41930e-19       0.00000e+00
  90.2000000       4.05442e-17       1.36113e-18       0.00000e+00
  90.3000000       1.45172e-17       1.43206e-19       0.00000e+00
  90.4000000       6.60276e-18       4.06172e-19       0.00000e+00
  90.5000000       3.11066e-17       1.02796e-17       0.00000e+00
  90.6000000       1.09010e-17       2.19028e-18       0.00000e+00
  90.7000000       6.05814e-18       3.04543e-18       0.00000e+00
  90.8000000       3.90672e-18       1.36875e-18       0.00000e+00
  90.9000000       1.39866e-18       7.13646e-19       0.00000e+00
  91.0000000       1.08291e-18       3.44170e-19       0.00000e+00
  91.1000000       1.53034e-17       9.66674e-18       0.00000e+00
  91.2000000       4.49045e-18       2.80316e-18       0.00000e+00
  91.3000000       3.49666e-18       2.16011e-18       0.00000e+00
  91.4000000       4.90433e-17       1.82541e-18       0.00000e+00
  91.5000000       9.59892e-17       4.21530e-19       0.00000e+00
  91.6000000       8.48194e-19       5.29745e-19       0.00000e+00
  91.7000000       4.36876e-17       7.28497e-18       0.00000e+00
  91.8000000       2.56723e-17       1.20077e-17       0.00000e+00
  91.9000000       7.92629e-18       4.40550e-18       0.00000e+00
  92.0000000       5.08694e-18       1.88931e-18       0.00000e+00
  92.1000000       8.51842e-19       1.95336e-20       0.00000e+00
  92.2000000       2.22557e-18       1.15945e-18       0.00000e+00
  92.3000000       7.46402e-19       4.51641e-19       0.00000e+00
  92.4000000       1.20744e-17       7.28101e-18       0.00000e+00
  92.5000000       2.05483e-17       1.24654e-17       0.00000e+00
  92.6000000       6.73520e-18       4.04904e-18       0.00000e+00
  92.7000000       4.16794e-18       2.52278e-18       0.00000e+00
  92.8000000       1.54062e-18       9.25552e-19       0.00000e+00
  92.9000000       4.16410e-20       1.31154e-20       0.00000e+00
  93.0000000       1.42660e-16       7.11615e-19       0.00000e+00
  93.1000000       8.61814e-17       1.17897e-17       0.00000e+00
  93.2000000       7.37538e-17       1.85907e-17       0.00000e+00
  93.3000000       2.13033e-17       6.89640e-18       0.00000e+00
  93.4000000       1.39594e-17       2.30318e-18       0.00000e+00
  93.5000000       3.35395e-18       1.29837e-21       0.00000e+00
  93.6000000       4.46740e-18       1.78258e-18       0.00000e+00
  93.7000000       9.89643e-19       5.41217e-19       0.00000e+00
  93.8000000       1.96293e-17       1.06705e-17       0.00000e+00
  93.9000000       2.29208e-17       1.27336e-17       0.00000e+00
  94.0000000       1.00963e-17       5.65063e-18       0.00000e+00
  94.1000000       1.11483e-17       6.16718e-18       0.00000e+00
  94.2000000       6.22089e-18       3.47767e-18       0.00000e+00
  94.3000000       2.79306e-18       1.55960e-18       0.00000e+00
  94.4000000       1.70060e-18       9.48258e-19       0.00000e+00
  94.5000000       1.43184e-20       6.29101e-21       0.00000e+00
  94.6000000       1.74028e-16       1.14418e-18       0.00000e+00
  94.7000000       1.88485e-16       4.41545e-17       0.00000e+00
  94.8000000       4.29546e-17       1.88128e-17       0.00000e+00
  94.9000000       6.88614e-17       9.01550e-18       0.00000e+00
  95.0000000       1.59935e-17       2.89444e-19       0.00000e+00
  95.1000000       5.34182e-18       2.83350e-18       0.00000e+00
  95.2000000       6.54846e-18       1.56560e-19       0.00000e+00
  95.3000000       1.95798e-18       2.42758e-20       0.00000e+00
  95.4000000       3.09937e-17       1.53381e-17       0.00000e+00
  95.5000000       3.48887e-17       1.76856e-17       0.00000e+00
  95.6000000       1.52198e-17       7.70107e-18       0.00000e+00
  95.7000000       1.75433e-17       8.87463e-18       0.00000e+00
  95.8000000       9.30730e-18       4.70557e-18       0.00000e+00
  95.9000000       4.46742e-18       2.33302e-18       0.00000e+00
  96.0000000       2.47323e-18       1.25392e-18       0.00000e+00
  96.1000000       7.91842e-22       2.60512e-22       0.00000e+00
  96.2000000       6.15374e-19       3.16781e-19       0.00000e+00
  96.3000000       2.77974e-17       1.44361e-17       0.00000e+00
  96.4000000       4.38763e-17       2.25562e-17       0.00000e+00
  96.5000000       2.74577e-16       1.32636e-18       0.00000e+00
  96.6000000       2.01691e-16       6.78733e-18       0.00000e+00
  96.7000000       7.20185e-17       5.73020e-19       0.00000e+00
  96.8000000       2.56348e-17       4.98668e-18       0.00000e+00
  96.9000000       2.28634e-17       3.28790e-18       0.00000e+00
  97.0000000       1.69384e-21       1.64793e-22       0.00000e+00
  97.1000000       8.68043e-18       7.56111e-19       0.00000e+00
  97.2000000       4.31319e-17       1.76332e-17       0.00000e+00
  97.3000000       7.45360e-17       3.04080e-17       0.00000e+00
  97.4000000       2.61864e-17       1.10848e-17       0.00000e+00
  97.5000000       1.32354e-17       5.41949e-18       0.00000e+00
  97.6000000       1.98749e-21       8.22676e-22       0.00000e+00
  97.7000000       6.77879e-18       3.15103e-18       0.00000e+00
  97.8000000       3.49563e-18       1.43901e-18       0.00000e+00
  97.9000000       4.73309e-22       1.35334e-22       0.00000e+00
  98.0000000       9.34378e-19       4.51760e-19       0.00000e+00
  98.1000000       4.53876e-17       1.86214e-17       0.00000e+00
  98.2000000       5.14348e-17       2.10628e-17       0.00000e+00
  98.3000000       2.54724e-17       1.04745e-17       0.00000e+00
  98.4000000       2.33789e-17       9.57740e-18       0.00000e+00
  98.5000000       1.65141e-17       6.76791e-18       0.00000e+00
  98.6000000       3.33971e-16       1.74898e-18       0.00000e+00
  98.7000000       1.51027e-16       7.31749e-20       0.00000e+00
  98.8000000       7.88599e-17       2.02520e-18       0.00000e+00
  98.9000000       1.65800e-17       1.95545e-21       0.00000e+00
  99.0000000       2.16452e-17       6.46590e-19       0.00000e+00
  99.1000000       6.48793e-17       2.41741e-17       0.00000e+00
  99.2000000       7.30125e-17       2.90387e-17       0.00000e+00
  99.3000000       2.95005e-17       1.22208e-17       0.00000e+00
  99.4000000       3.60419e-17       1.45049e-17       0.00000e+00
  99.5000000       1.80546e-17       7.40702e-18       0.00000e+00
  99.6000000       9.02827e-18       3.86143e-18       0.00000e+00
  99.7000000       5.35238e-22       1.71390e-22       0.00000e+00
  99.8000000       4.80981e-18       1.94870e-18       0.00000e+00
  99.9000000       1.24700e-18       5.29072e-19       0.00000e+00
 100.0000000       6.01825e-22       1.71446e-22       0.00000e+00
 100.1000000       9.58689e-21       6.55443e-22       0.00000e+00
 100.2000000       1.32754e-16       4.30601e-17       0.00000e+00
 100.3000000       3.30997e-17       9.97098e-18       0.00000e+00
 100.4000000       3.48621e-17       1.26932e-17       0.00000e+00
 100.5000000       2.08505e-17       6.48479e-18       0.00000e+00
 100.6000000       8.66251e-18       3.42195e-18       0.00000e+00
 100.7000000       2.41485e-21       4.53897e-22       0.00000e+00
 100.8000000       8.22349e-17       1.92373e-18       0.00000e+00
 100.9000000       1.39295e-16       2.25895e-22       0.00000e+00
 101.0000000       1.02641e-16       4.47719e-19       0.00000e+00
 101.1000000       5.06485e-17       1.91375e-20       0.00000e+00
 101.2000000       1.36634e-17       3.04034e-19       0.00000e+00
 101.3000000       1.64117e-16       3.05917e-17       0.00000e+00
 101.4000000       3.67919e-17       7.38944e-18       0.00000e+00
 101.5000000       4.62263e-17       7.79386e-18       0.00000e+00
 101.6000000       2.20001e-17       4.50642e-18       0.00000e+00
 101.7000000       1.11448e-17       1.97716e-18       0.00000e+00
 101.8000000       1.48985e-19       1.12266e-21       0.00000e+00
 101.9000000       3.75639e-18       7.55696e-19       0.00000e+00
 102.0000000       2.13944e-18       4.29597e-19       0.00000e+00
 102.1000000       1.49901e-18       2.74485e-19       0.00000e+00
 102.2000000       4.58640e-22       3.17525e-23       0.00000e+00
 102.3000000       8.32975e-19       1.60443e-19       0.00000e+00
 102.4000000       6.86100e-17       2.29055e-18       0.00000e+00
 102.5000000       7.97284e-17       3.12284e-18       0.00000e+00
 102.6000000       3.70720e-17       1.16103e-18       0.00000e+00
 102.7000000       3.93865e-17       2.05480e-18       0.00000e+00
 102.8000000       2.34516e-17       7.93206e-19       0.00000e+00
 102.9000000       9.95867e-18       8.18275e-19       0.00000e+00
 103.0000000       5.78106e-21       1.74266e-21       0.00000e+00
 103.1000000       6.39007e-18       2.48724e-19       0.00000e+00
 103.2000000       1.37586e-18       1.38636e-19       0.00000e+00
 103.3000000       3.81207e-22       1.98702e-23       0.00000e+00
 103.4000000       3.48985e-21       6.05498e-22       0.00000e+00
 103.5000000       9.10871e-19       4.74987e-20       0.00000e+00
 103.6000000       1.96180e-20       3.71893e-22       0.00000e+00
 103.7000000       1.41263e-16       2.75181e-18       0.00000e+00
 103.8000000       3.61352e-17       6.43591e-19       0.00000e+00
 103.9000000       3.70578e-17       8.11998e-19       0.00000e+00
 104.0000000       2.31015e-17       4.34617e-19       0.00000e+00
 104.1000000       9.29293e-18       2.12500e-19       0.00000e+00
 104.2000000       5.68306e-21       7.20128e-22       0.00000e+00
 104.3000000       3.09548e-18       6.21364e-20       0.00000e+00
 104.4000000       3.24683e-18       6.51749e-20       0.00000e+00
 104.5000000       1.27349e-18       2.86760e-20       0.00000e+00
 104.6000000       3.69512e-21       3.48321e-22       0.00000e+00
 104.7000000       6.18457e-22       8.32567e-24       0.00000e+00
 104.8000000       9.09882e-19       1.99210e-20       0.00000e+00
 104.9000000       5.82652e-17       7.65332e-20       0.00000e+00
 105.0000000       6.63589e-17       8.10061e-20       0.00000e+00
 105.1000000       6.39015e-17       8.25066e-20       0.00000e+00
 105.2000000       9.65091e-19       2.77993e-21       0.00000e+00
 105.3000000       2.08333e-17       2.65946e-20       0.00000e+00
 105.4000000       8.03109e-18       1.54505e-20       0.00000e+00
 105.5000000       4.67608e-22       2.15008e-24       0.00000e+00
 105.6000000       5.76642e-18       7.04042e-21       0.00000e+00
 105.7000000       1.09296e-18       3.03153e-21       0.00000e+00
 105.8000000       3.74904e-21       7.92110e-23       0.00000e+00
 105.9000000       2.07516e-22       1.36711e-24       0.00000e+00
 106.0000000       3.94128e-22       1.45539e-24       0.00000e+00
 106.1000000       8.30821e-19       1.04499e-21       0.00000e+00
 106.2000000       8.63711e-20       3.93020e-22       0.00000e+00
 106.3000000       9.81334e-17       1.74871e-20       0.00000e+00
 106.4000000       2.17652e-20       5.13399e-24       0.00000e+00
 106.5000000       5.12000e-17       1.05355e-20       0.00000e+00
 106.6000000       6.82863e-20       1.28372e-22       0.00000e+00
 106.7000000       2.29877e-17       5.26470e-21       0.00000e+00
 106.8000000       4.10957e-21       2.48235e-24       0.00000e+00
 106.9000000       3.02820e-22       8.80223e-25       0.00000e+00
 107.0000000       4.66929e-18       9.31596e-22       0.00000e+00
 107.1000000       8.35635e-19       4.35532e-22       0.00000e+00
 107.2000000       1.78140e-22       8.27179e-25       0.00000e+00
 107.3000000       1.45143e-22       6.98374e-25       0.00000e+00
 107.4000000       6.73889e-19       1.89566e-22       0.00000e+00
 107.5000000       6.41387e-20       4.16599e-23       0.00000e+00
 107.6000000       7.97571e-22       6.19574e-25       0.00000e+00
 107.7000000       3.08343e-17       4.12971e-22       0.00000e+00
 107.8000000       3.45865e-17       4.69501e-22       0.00000e+00
 107.9000000       3.42570e-17       4.78153e-22       0.00000e+00
 108.0000000       4.30995e-21       2.51090e-24       0.00000e+00
 108.1000000       1.14364e-17       1.53473e-22       0.00000e+00
 108.2000000       4.02716e-18       5.27578e-23       0.00000e+00
 108.3000000       2.34617e-22       4.52822e-25       0.00000e+00
 108.4000000       9.65231e-22       4.39803e-25       0.00000e+00
 108.5000000       3.72421e-18       5.22492e-23       0.00000e+00
 108.6000000       1.18190e-22       3.98251e-25       0.00000e+00
 108.7000000       8.24581e-23       3.86285e-25       0.00000e+00
 108.8000000       9.94119e-23       3.74986e-25       0.00000e+00
 108.9000000       4.60442e-19       6.55966e-24       0.00000e+00
 109.0000000       4.06129e-20       1.12826e-24       0.00000e+00
 109.1000000       4.08973e-22       3.43042e-25       0.00000e+00
 109.2000000       1.57140e-17       1.50298e-24       0.00000e+00
 109.3000000       1.74721e-17       2.15144e-24       0.00000e+00
 109.4000000       1.74182e-17       2.97248e-24       0.00000e+00
 109.5000000       2.68896e-21       3.57970e-25       0.00000e+00
 109.6000000       5.92166e-18       6.81080e-25       0.00000e+00
 109.7000000       1.98943e-18       1.18051e-24       0.00000e+00
 109.8000000       1.38648e-22       2.14622e-25       0.00000e+00
 109.9000000       1.48818e-22       2.08806e-25       0.00000e+00
 110.0000000       1.91444e-18       6.18221e-25       0.00000e+00
 110.1000000       7.06975e-23       1.98790e-25       0.00000e+00
 110.2000000       4.05982e-23       1.79979e-25       0.00000e+00
 110.3000000       3.83608e-23       1.45569e-25       0.00000e+00
 110.4000000       2.38550e-19       1.74838e-25       0.00000e+00
 110.5000000       1.94567e-20       1.46203e-25       0.00000e+00
 110.6000000       5.94522e-23       1.09316e-25       0.00000e+00
 110.7000000       1.55423e-22       1.03703e-25       0.00000e+00
 110.8000000       4.65591e-18       1.21200e-25       0.00000e+00
 110.9000000       5.14271e-18       1.32759e-25       0.00000e+00
 111.0000000       5.12932e-18       1.23068e-25       0.00000e+00
 111.1000000       2.34051e-22       9.23810e-26       0.00000e+00
 111.2000000       1.71866e-18       9.76896e-26       0.00000e+00
 111.3000000       6.29538e-19       8.16331e-26       0.00000e+00
 111.4000000       4.66097e-23       5.26190e-26       0.00000e+00
 111.5000000       9.37849e-22       4.12892e-26       0.00000e+00
 111.6000000       5.70130e-19       3.88245e-26       0.00000e+00
 111.7000000       2.49604e-23       2.99521e-26       0.00000e+00
 111.8000000       1.37738e-23       2.73313e-26       0.00000e+00
 111.9000000       1.16569e-23       2.67116e-26       0.00000e+00
 112.0000000       7.68665e-20       2.53794e-26       0.00000e+00
 112.1000000       1.32460e-23       2.40842e-26       0.00000e+00
 112.2000000       7.65487e-24       2.34777e-26       0.00000e+00
 112.3000000       6.71684e-24       2.29130e-26       0.00000e+00
 112.4000000       6.14425e-24       2.19148e-26       0.00000e+00
 112.5000000       8.28650e-24       1.74050e-26       0.00000e+00
 112.6000000       5.94105e-21       1.45407e-26       0.00000e+00
 112.7000000       4.75046e-24       1.12805e-26       0.00000e+00
 112.8000000       4.41951e-24       1.06213e-26       0.00000e+00
 112.9000000       4.14402e-24       9.40889e-27       0.00000e+00
 113.0000000       3.91913e-24       8.62817e-27       0.00000e+00
 113.1000000       3.73521e-24       8.50047e-27       0.00000e+00
 113.2000000       2.68381e-22       8.13266e-27       0.00000e+00
 113.3000000       3.37746e-24       7.80627e-27       0.00000e+00
 113.4000000       3.22722e-24       7.52031e-27       0.00000e+00
 113.5000000       3.09079e-24       7.39557e-27       0.00000e+00
 113.6000000       2.96472e-24       7.22424e-27       0.00000e+00
 113.7000000       2.73794e-24       4.96711e-27       0.00000e+00
 113.8000000       2.55323e-24       3.41404e-27       0.00000e+00
 113.9000000       2.38996e-24       1.87379e-27       0.00000e+00
 114.0000000       2.28816e-24       1.58734e-27       0.00000e+00
 114.1000000       2.17606e-24       1.09109e-27       0.00000e+00
 114.2000000       2.09083e-24       8.21648e-28       0.00000e+00
 114.3000000       2.01794e-24       8.21894e-28       0.00000e+00
 114.4000000       1.94137e-24       5.53928e-28       0.00000e+00
 114.5000000       1.87522e-24       4.10947e-28       0.00000e+00
 114.6000000       1.81414e-24       4.10701e-28       0.00000e+00
 114.7000000       1.75639e-24       4.10947e-28       0.00000e+00
 114.8000000       1.70057e-24       4.10947e-28       0.00000e+00
 114.9000000       1.63786e-24       4.10701e-28       0.00000e+00
 115.0000000       1.47320e-24       4.10947e-28       0.00000e+00
 115.1000000       1.36759e-24       4.08729e-28       0.00000e+00
 115.2000000       1.26068e-24       0.00000e+00       0.00000e+00
 115.3000000       1.21653e-24       0.00000e+00       0.00000e+00
 115.4000000       1.15308e-24       0.00000e+00       0.00000e+00
 115.5000000       1.11436e-24       0.00000e+00       0.00000e+00
 115.6000000       1.08202e-24       0.00000e+00       0.00000e+00
 115.7000000       1.04369e-24       0.00000e+00       0.00000e+00
 115.8000000       1.01326e-24       0.00000e+00       0.00000e+00
 115.9000000       9.85486e-25       0.00000e+00       0.00000e+00
 116.0000000       9.58839e-25       0.00000e+00       0.00000e+00
 116.1000000       9.32298e-25       0.00000e+00       0.00000e+00
 116.2000000       9.07746e-25       0.00000e+00       0.00000e+00
 116.3000000       8.39387e-25       0.00000e+00       0.00000e+00
 116.4000000       7.20634e-25       0.00000e+00       0.00000e+00
 116.5000000       6.48895e-25       0.00000e+00       0.00000e+00
 116.6000000       6.10068e-25       0.00000e+00       0.00000e+00
 116.7000000       5.79050e-25       0.00000e+00       0.00000e+00
 116.8000000       5.45661e-25       0.00000e+00       0.00000e+00
 116.9000000       5.31653e-25       0.00000e+00       0.00000e+00
 117.0000000       5.15663e-25       0.00000e+00       0.00000e+00
 117.1000000       4.97511e-25       0.00000e+00       0.00000e+00
 117.2000000       4.84789e-25       0.00000e+00       0.00000e+00
 117.3000000       4.72879e-25       0.00000e+00       0.00000e+00
 117.4000000       4.61442e-25       0.00000e+00       0.00000e+00
 117.5000000       4.49400e-25       0.00000e+00       0.00000e+00
 117.6000000       4.38820e-25       0.00000e+00       0.00000e+00
 117.7000000       4.10746e-25       0.00000e+00       0.00000e+00
 117.8000000       3.26306e-25       0.00000e+00       0.00000e+00
 117.9000000       2.84244e-25       0.00000e+00       0.00000e+00
 118.0000000       2.46908e-25       0.00000e+00       0.00000e+00
 118.1000000       2.36554e-25       0.00000e+00       0.00000e+00
 118.2000000       2.12231e-25       0.00000e+00       0.00000e+00
 118.3000000       2.05628e-25       0.00000e+00       0.00000e+00
 118.4000000       2.01059e-25       0.00000e+00       0.00000e+00
 118.5000000       1.90906e-25       0.00000e+00       0.00000e+00
 118.6000000       1.85830e-25       0.00000e+00       0.00000e+00
 118.7000000       1.81801e-25       0.00000e+00       0.00000e+00
 118.8000000       1.77596e-25       0.00000e+00       0.00000e+00
 118.9000000       1.72808e-25       0.00000e+00       0.00000e+00
 119.0000000       1.69017e-25       0.00000e+00       0.00000e+00
 119.1000000       1.65367e-25       0.00000e+00       0.00000e+00
 119.2000000       1.53163e-25       0.00000e+00       0.00000e+00
 119.3000000       1.07928e-25       0.00000e+00       0.00000e+00
 119.4000000       8.74354e-26       0.00000e+00       0.00000e+00
 119.5000000       6.57397e-26       0.00000e+00       0.00000e+00
 119.6000000       6.49016e-26       0.00000e+00       0.00000e+00
 119.7000000       5.00374e-26       0.00000e+00       0.00000e+00
 119.8000000       4.93038e-26       0.00000e+00       0.00000e+00
 119.9000000       4.85268e-26       0.00000e+00       0.00000e+00
