# b"Cross sections for O2+\nConverted from earlier Leiden database cross sections by Alan Heays 2016-02-24\nPhotodissociation source: O2+ photodissociation based on Honjou et al. '78, plus osc str. van Hemert\nLines represented with gaussian of width 1.0 nm FWHM\nwavelength: (nm)\nphotoabsorption:    cross section (cm2)\nphotodissociation:  cross section (cm2)"
# 
# wavelength   photoabsorption photodissociation
 118.0000000       1.80688e-28       1.80688e-28
 118.1000000       6.30182e-28       6.30182e-28
 118.2000000       2.99118e-27       2.99118e-27
 118.3000000       1.34434e-26       1.34434e-26
 118.4000000       5.72092e-26       5.72092e-26
 118.5000000       2.30522e-25       2.30522e-25
 118.6000000       8.79527e-25       8.79527e-25
 118.7000000       3.17742e-24       3.17742e-24
 118.8000000       1.08689e-23       1.08689e-23
 118.9000000       3.52032e-23       3.52032e-23
 119.0000000       1.07960e-22       1.07960e-22
 119.1000000       3.13490e-22       3.13490e-22
 119.2000000       8.61915e-22       8.61915e-22
 119.3000000       2.24379e-21       2.24379e-21
 119.4000000       5.53061e-21       5.53061e-21
 119.5000000       1.29073e-20       1.29073e-20
 119.6000000       2.85212e-20       2.85212e-20
 119.7000000       5.96715e-20       5.96715e-20
 119.8000000       1.18203e-19       1.18203e-19
 119.9000000       2.21694e-19       2.21694e-19
 120.0000000       3.93675e-19       3.93675e-19
 120.1000000       6.61878e-19       6.61878e-19
 120.2000000       1.05359e-18       1.05359e-18
 120.3000000       1.58789e-18       1.58789e-18
 120.4000000       2.26578e-18       2.26578e-18
 120.5000000       3.06102e-18       3.06102e-18
 120.6000000       3.91527e-18       3.91527e-18
 120.7000000       4.74137e-18       4.74137e-18
 120.8000000       5.43615e-18       5.43615e-18
 120.9000000       5.90098e-18       5.90098e-18
 121.0000000       6.06460e-18       6.06460e-18
 121.1000000       5.90098e-18       5.90098e-18
 121.2000000       5.43615e-18       5.43615e-18
 121.3000000       4.74137e-18       4.74137e-18
 121.4000000       3.91527e-18       3.91527e-18
 121.5000000       3.06102e-18       3.06102e-18
 121.6000000       2.26578e-18       2.26578e-18
 121.7000000       1.58789e-18       1.58789e-18
 121.8000000       1.05359e-18       1.05359e-18
 121.9000000       6.61878e-19       6.61878e-19
 122.0000000       3.93675e-19       3.93675e-19
 122.1000000       2.21694e-19       2.21694e-19
 122.2000000       1.18203e-19       1.18203e-19
 122.3000000       5.96715e-20       5.96715e-20
 122.4000000       2.85212e-20       2.85212e-20
 122.5000000       1.29073e-20       1.29073e-20
 122.6000000       5.53061e-21       5.53061e-21
 122.7000000       2.24379e-21       2.24379e-21
 122.8000000       8.61915e-22       8.61915e-22
 122.9000000       3.13490e-22       3.13490e-22
 123.0000000       1.07960e-22       1.07960e-22
 123.1000000       3.52032e-23       3.52032e-23
 123.2000000       1.08689e-23       1.08689e-23
 123.3000000       3.17742e-24       3.17742e-24
 123.4000000       8.79527e-25       8.79527e-25
 123.5000000       2.30522e-25       2.30522e-25
 123.6000000       5.72092e-26       5.72092e-26
 123.7000000       1.34434e-26       1.34434e-26
 123.8000000       2.99118e-27       2.99118e-27
 123.9000000       6.47590e-28       6.47590e-28
 124.0000000       2.28084e-28       2.28084e-28
 124.1000000       2.85115e-29       2.85115e-29
 124.2000000       0.00000e+00       0.00000e+00
 124.3000000       0.00000e+00       0.00000e+00
 124.4000000       0.00000e+00       0.00000e+00
 124.5000000       0.00000e+00       0.00000e+00
 124.6000000       0.00000e+00       0.00000e+00
 124.7000000       0.00000e+00       0.00000e+00
 124.8000000       0.00000e+00       0.00000e+00
 124.9000000       0.00000e+00       0.00000e+00
 125.0000000       0.00000e+00       0.00000e+00
 125.1000000       0.00000e+00       0.00000e+00
 125.2000000       0.00000e+00       0.00000e+00
 125.3000000       0.00000e+00       0.00000e+00
 125.4000000       0.00000e+00       0.00000e+00
 125.5000000       0.00000e+00       0.00000e+00
 125.6000000       0.00000e+00       0.00000e+00
 125.7000000       0.00000e+00       0.00000e+00
 125.8000000       0.00000e+00       0.00000e+00
 125.9000000       0.00000e+00       0.00000e+00
 126.0000000       0.00000e+00       0.00000e+00
 126.1000000       0.00000e+00       0.00000e+00
 126.2000000       0.00000e+00       0.00000e+00
 126.3000000       0.00000e+00       0.00000e+00
 126.4000000       0.00000e+00       0.00000e+00
 126.5000000       0.00000e+00       0.00000e+00
 126.6000000       0.00000e+00       0.00000e+00
 126.7000000       0.00000e+00       0.00000e+00
 126.8000000       0.00000e+00       0.00000e+00
 126.9000000       0.00000e+00       0.00000e+00
 127.0000000       0.00000e+00       0.00000e+00
 127.1000000       0.00000e+00       0.00000e+00
 127.2000000       0.00000e+00       0.00000e+00
 127.3000000       0.00000e+00       0.00000e+00
 127.4000000       0.00000e+00       0.00000e+00
 127.5000000       0.00000e+00       0.00000e+00
 127.6000000       0.00000e+00       0.00000e+00
 127.7000000       0.00000e+00       0.00000e+00
 127.8000000       0.00000e+00       0.00000e+00
 127.9000000       0.00000e+00       0.00000e+00
 128.0000000       0.00000e+00       0.00000e+00
 128.1000000       0.00000e+00       0.00000e+00
 128.2000000       0.00000e+00       0.00000e+00
 128.3000000       0.00000e+00       0.00000e+00
 128.4000000       0.00000e+00       0.00000e+00
 128.5000000       0.00000e+00       0.00000e+00
 128.6000000       0.00000e+00       0.00000e+00
 128.7000000       0.00000e+00       0.00000e+00
 128.8000000       0.00000e+00       0.00000e+00
 128.9000000       0.00000e+00       0.00000e+00
 129.0000000       0.00000e+00       0.00000e+00
 129.1000000       0.00000e+00       0.00000e+00
 129.2000000       0.00000e+00       0.00000e+00
 129.3000000       0.00000e+00       0.00000e+00
 129.4000000       0.00000e+00       0.00000e+00
 129.5000000       0.00000e+00       0.00000e+00
 129.6000000       0.00000e+00       0.00000e+00
 129.7000000       0.00000e+00       0.00000e+00
 129.8000000       0.00000e+00       0.00000e+00
 129.9000000       0.00000e+00       0.00000e+00
 130.0000000       0.00000e+00       0.00000e+00
 130.1000000       0.00000e+00       0.00000e+00
 130.2000000       0.00000e+00       0.00000e+00
 130.3000000       0.00000e+00       0.00000e+00
 130.4000000       0.00000e+00       0.00000e+00
 130.5000000       0.00000e+00       0.00000e+00
 130.6000000       0.00000e+00       0.00000e+00
 130.7000000       0.00000e+00       0.00000e+00
 130.8000000       0.00000e+00       0.00000e+00
 130.9000000       0.00000e+00       0.00000e+00
 131.0000000       0.00000e+00       0.00000e+00
 131.1000000       0.00000e+00       0.00000e+00
 131.2000000       0.00000e+00       0.00000e+00
 131.3000000       0.00000e+00       0.00000e+00
 131.4000000       0.00000e+00       0.00000e+00
 131.5000000       0.00000e+00       0.00000e+00
 131.6000000       0.00000e+00       0.00000e+00
 131.7000000       0.00000e+00       0.00000e+00
 131.8000000       0.00000e+00       0.00000e+00
 131.9000000       0.00000e+00       0.00000e+00
 132.0000000       0.00000e+00       0.00000e+00
 132.1000000       0.00000e+00       0.00000e+00
 132.2000000       0.00000e+00       0.00000e+00
 132.3000000       0.00000e+00       0.00000e+00
 132.4000000       0.00000e+00       0.00000e+00
 132.5000000       0.00000e+00       0.00000e+00
 132.6000000       0.00000e+00       0.00000e+00
 132.7000000       0.00000e+00       0.00000e+00
 132.8000000       0.00000e+00       0.00000e+00
 132.9000000       0.00000e+00       0.00000e+00
 133.0000000       0.00000e+00       0.00000e+00
 133.1000000       0.00000e+00       0.00000e+00
 133.2000000       0.00000e+00       0.00000e+00
 133.3000000       0.00000e+00       0.00000e+00
 133.4000000       0.00000e+00       0.00000e+00
 133.5000000       0.00000e+00       0.00000e+00
 133.6000000       0.00000e+00       0.00000e+00
 133.7000000       0.00000e+00       0.00000e+00
 133.8000000       0.00000e+00       0.00000e+00
 133.9000000       0.00000e+00       0.00000e+00
 134.0000000       0.00000e+00       0.00000e+00
 134.1000000       0.00000e+00       0.00000e+00
 134.2000000       0.00000e+00       0.00000e+00
 134.3000000       0.00000e+00       0.00000e+00
 134.4000000       0.00000e+00       0.00000e+00
 134.5000000       0.00000e+00       0.00000e+00
 134.6000000       0.00000e+00       0.00000e+00
 134.7000000       0.00000e+00       0.00000e+00
 134.8000000       0.00000e+00       0.00000e+00
 134.9000000       0.00000e+00       0.00000e+00
 135.0000000       0.00000e+00       0.00000e+00
 135.1000000       0.00000e+00       0.00000e+00
 135.2000000       0.00000e+00       0.00000e+00
 135.3000000       0.00000e+00       0.00000e+00
 135.4000000       0.00000e+00       0.00000e+00
 135.5000000       0.00000e+00       0.00000e+00
 135.6000000       0.00000e+00       0.00000e+00
 135.7000000       0.00000e+00       0.00000e+00
 135.8000000       0.00000e+00       0.00000e+00
 135.9000000       0.00000e+00       0.00000e+00
 136.0000000       0.00000e+00       0.00000e+00
 136.1000000       0.00000e+00       0.00000e+00
 136.2000000       0.00000e+00       0.00000e+00
 136.3000000       0.00000e+00       0.00000e+00
 136.4000000       0.00000e+00       0.00000e+00
 136.5000000       0.00000e+00       0.00000e+00
 136.6000000       0.00000e+00       0.00000e+00
 136.7000000       0.00000e+00       0.00000e+00
 136.8000000       0.00000e+00       0.00000e+00
 136.9000000       0.00000e+00       0.00000e+00
 137.0000000       0.00000e+00       0.00000e+00
 137.1000000       0.00000e+00       0.00000e+00
 137.2000000       0.00000e+00       0.00000e+00
 137.3000000       0.00000e+00       0.00000e+00
 137.4000000       0.00000e+00       0.00000e+00
 137.5000000       0.00000e+00       0.00000e+00
 137.6000000       0.00000e+00       0.00000e+00
 137.7000000       0.00000e+00       0.00000e+00
 137.8000000       0.00000e+00       0.00000e+00
 137.9000000       0.00000e+00       0.00000e+00
 138.0000000       0.00000e+00       0.00000e+00
 138.1000000       0.00000e+00       0.00000e+00
 138.2000000       0.00000e+00       0.00000e+00
 138.3000000       0.00000e+00       0.00000e+00
 138.4000000       0.00000e+00       0.00000e+00
 138.5000000       0.00000e+00       0.00000e+00
 138.6000000       0.00000e+00       0.00000e+00
 138.7000000       0.00000e+00       0.00000e+00
 138.8000000       0.00000e+00       0.00000e+00
 138.9000000       0.00000e+00       0.00000e+00
 139.0000000       0.00000e+00       0.00000e+00
 139.1000000       0.00000e+00       0.00000e+00
 139.2000000       0.00000e+00       0.00000e+00
 139.3000000       0.00000e+00       0.00000e+00
 139.4000000       0.00000e+00       0.00000e+00
 139.5000000       0.00000e+00       0.00000e+00
 139.6000000       0.00000e+00       0.00000e+00
 139.7000000       0.00000e+00       0.00000e+00
 139.8000000       0.00000e+00       0.00000e+00
 139.9000000       0.00000e+00       0.00000e+00
 140.0000000       0.00000e+00       0.00000e+00
 140.1000000       0.00000e+00       0.00000e+00
 140.2000000       0.00000e+00       0.00000e+00
 140.3000000       0.00000e+00       0.00000e+00
 140.4000000       0.00000e+00       0.00000e+00
 140.5000000       0.00000e+00       0.00000e+00
 140.6000000       0.00000e+00       0.00000e+00
 140.7000000       0.00000e+00       0.00000e+00
 140.8000000       0.00000e+00       0.00000e+00
 140.9000000       0.00000e+00       0.00000e+00
 141.0000000       0.00000e+00       0.00000e+00
 141.1000000       0.00000e+00       0.00000e+00
 141.2000000       0.00000e+00       0.00000e+00
 141.3000000       0.00000e+00       0.00000e+00
 141.4000000       0.00000e+00       0.00000e+00
 141.5000000       0.00000e+00       0.00000e+00
 141.6000000       0.00000e+00       0.00000e+00
 141.7000000       0.00000e+00       0.00000e+00
 141.8000000       0.00000e+00       0.00000e+00
 141.9000000       0.00000e+00       0.00000e+00
 142.0000000       0.00000e+00       0.00000e+00
 142.1000000       0.00000e+00       0.00000e+00
 142.2000000       0.00000e+00       0.00000e+00
 142.3000000       0.00000e+00       0.00000e+00
 142.4000000       0.00000e+00       0.00000e+00
 142.5000000       0.00000e+00       0.00000e+00
 142.6000000       0.00000e+00       0.00000e+00
 142.7000000       0.00000e+00       0.00000e+00
 142.8000000       0.00000e+00       0.00000e+00
 142.9000000       0.00000e+00       0.00000e+00
 143.0000000       0.00000e+00       0.00000e+00
 143.1000000       0.00000e+00       0.00000e+00
 143.2000000       0.00000e+00       0.00000e+00
 143.3000000       0.00000e+00       0.00000e+00
 143.4000000       0.00000e+00       0.00000e+00
 143.5000000       0.00000e+00       0.00000e+00
 143.6000000       0.00000e+00       0.00000e+00
 143.7000000       0.00000e+00       0.00000e+00
 143.8000000       0.00000e+00       0.00000e+00
 143.9000000       0.00000e+00       0.00000e+00
 144.0000000       0.00000e+00       0.00000e+00
 144.1000000       0.00000e+00       0.00000e+00
 144.2000000       0.00000e+00       0.00000e+00
 144.3000000       0.00000e+00       0.00000e+00
 144.4000000       0.00000e+00       0.00000e+00
 144.5000000       0.00000e+00       0.00000e+00
 144.6000000       0.00000e+00       0.00000e+00
 144.7000000       0.00000e+00       0.00000e+00
 144.8000000       0.00000e+00       0.00000e+00
 144.9000000       0.00000e+00       0.00000e+00
 145.0000000       0.00000e+00       0.00000e+00
 145.1000000       0.00000e+00       0.00000e+00
 145.2000000       0.00000e+00       0.00000e+00
 145.3000000       0.00000e+00       0.00000e+00
 145.4000000       0.00000e+00       0.00000e+00
 145.5000000       0.00000e+00       0.00000e+00
 145.6000000       0.00000e+00       0.00000e+00
 145.7000000       0.00000e+00       0.00000e+00
 145.8000000       0.00000e+00       0.00000e+00
 145.9000000       0.00000e+00       0.00000e+00
 146.0000000       0.00000e+00       0.00000e+00
 146.1000000       0.00000e+00       0.00000e+00
 146.2000000       0.00000e+00       0.00000e+00
 146.3000000       0.00000e+00       0.00000e+00
 146.4000000       0.00000e+00       0.00000e+00
 146.5000000       0.00000e+00       0.00000e+00
 146.6000000       0.00000e+00       0.00000e+00
 146.7000000       0.00000e+00       0.00000e+00
 146.8000000       0.00000e+00       0.00000e+00
 146.9000000       0.00000e+00       0.00000e+00
 147.0000000       0.00000e+00       0.00000e+00
 147.1000000       0.00000e+00       0.00000e+00
 147.2000000       0.00000e+00       0.00000e+00
 147.3000000       0.00000e+00       0.00000e+00
 147.4000000       0.00000e+00       0.00000e+00
 147.5000000       0.00000e+00       0.00000e+00
 147.6000000       0.00000e+00       0.00000e+00
 147.7000000       0.00000e+00       0.00000e+00
 147.8000000       0.00000e+00       0.00000e+00
 147.9000000       0.00000e+00       0.00000e+00
 148.0000000       0.00000e+00       0.00000e+00
 148.1000000       0.00000e+00       0.00000e+00
 148.2000000       0.00000e+00       0.00000e+00
 148.3000000       0.00000e+00       0.00000e+00
 148.4000000       0.00000e+00       0.00000e+00
 148.5000000       0.00000e+00       0.00000e+00
 148.6000000       0.00000e+00       0.00000e+00
 148.7000000       0.00000e+00       0.00000e+00
 148.8000000       0.00000e+00       0.00000e+00
 148.9000000       0.00000e+00       0.00000e+00
 149.0000000       0.00000e+00       0.00000e+00
 149.1000000       0.00000e+00       0.00000e+00
 149.2000000       0.00000e+00       0.00000e+00
 149.3000000       0.00000e+00       0.00000e+00
 149.4000000       0.00000e+00       0.00000e+00
 149.5000000       0.00000e+00       0.00000e+00
 149.6000000       0.00000e+00       0.00000e+00
 149.7000000       0.00000e+00       0.00000e+00
 149.8000000       0.00000e+00       0.00000e+00
 149.9000000       0.00000e+00       0.00000e+00
 150.0000000       0.00000e+00       0.00000e+00
 150.1000000       0.00000e+00       0.00000e+00
 150.2000000       0.00000e+00       0.00000e+00
 150.3000000       0.00000e+00       0.00000e+00
 150.4000000       0.00000e+00       0.00000e+00
 150.5000000       0.00000e+00       0.00000e+00
 150.6000000       0.00000e+00       0.00000e+00
 150.7000000       0.00000e+00       0.00000e+00
 150.8000000       0.00000e+00       0.00000e+00
 150.9000000       0.00000e+00       0.00000e+00
 151.0000000       0.00000e+00       0.00000e+00
 151.1000000       0.00000e+00       0.00000e+00
 151.2000000       0.00000e+00       0.00000e+00
 151.3000000       0.00000e+00       0.00000e+00
 151.4000000       0.00000e+00       0.00000e+00
 151.5000000       0.00000e+00       0.00000e+00
 151.6000000       0.00000e+00       0.00000e+00
 151.7000000       0.00000e+00       0.00000e+00
 151.8000000       0.00000e+00       0.00000e+00
 151.9000000       0.00000e+00       0.00000e+00
 152.0000000       0.00000e+00       0.00000e+00
 152.1000000       0.00000e+00       0.00000e+00
 152.2000000       0.00000e+00       0.00000e+00
 152.3000000       0.00000e+00       0.00000e+00
 152.4000000       0.00000e+00       0.00000e+00
 152.5000000       0.00000e+00       0.00000e+00
 152.6000000       0.00000e+00       0.00000e+00
 152.7000000       0.00000e+00       0.00000e+00
 152.8000000       0.00000e+00       0.00000e+00
 152.9000000       0.00000e+00       0.00000e+00
 153.0000000       0.00000e+00       0.00000e+00
 153.1000000       0.00000e+00       0.00000e+00
 153.2000000       0.00000e+00       0.00000e+00
 153.3000000       0.00000e+00       0.00000e+00
 153.4000000       0.00000e+00       0.00000e+00
 153.5000000       0.00000e+00       0.00000e+00
 153.6000000       0.00000e+00       0.00000e+00
 153.7000000       0.00000e+00       0.00000e+00
 153.8000000       0.00000e+00       0.00000e+00
 153.9000000       0.00000e+00       0.00000e+00
 154.0000000       0.00000e+00       0.00000e+00
 154.1000000       0.00000e+00       0.00000e+00
 154.2000000       0.00000e+00       0.00000e+00
 154.3000000       0.00000e+00       0.00000e+00
 154.4000000       0.00000e+00       0.00000e+00
 154.5000000       0.00000e+00       0.00000e+00
 154.6000000       0.00000e+00       0.00000e+00
 154.7000000       0.00000e+00       0.00000e+00
 154.8000000       0.00000e+00       0.00000e+00
 154.9000000       0.00000e+00       0.00000e+00
 155.0000000       0.00000e+00       0.00000e+00
 155.1000000       0.00000e+00       0.00000e+00
 155.2000000       0.00000e+00       0.00000e+00
 155.3000000       0.00000e+00       0.00000e+00
 155.4000000       0.00000e+00       0.00000e+00
 155.5000000       0.00000e+00       0.00000e+00
 155.6000000       0.00000e+00       0.00000e+00
 155.7000000       0.00000e+00       0.00000e+00
 155.8000000       0.00000e+00       0.00000e+00
 155.9000000       0.00000e+00       0.00000e+00
 156.0000000       0.00000e+00       0.00000e+00
 156.1000000       0.00000e+00       0.00000e+00
 156.2000000       0.00000e+00       0.00000e+00
 156.3000000       0.00000e+00       0.00000e+00
 156.4000000       0.00000e+00       0.00000e+00
 156.5000000       0.00000e+00       0.00000e+00
 156.6000000       0.00000e+00       0.00000e+00
 156.7000000       0.00000e+00       0.00000e+00
 156.8000000       0.00000e+00       0.00000e+00
 156.9000000       0.00000e+00       0.00000e+00
 157.0000000       0.00000e+00       0.00000e+00
 157.1000000       0.00000e+00       0.00000e+00
 157.2000000       0.00000e+00       0.00000e+00
 157.3000000       0.00000e+00       0.00000e+00
 157.4000000       0.00000e+00       0.00000e+00
 157.5000000       0.00000e+00       0.00000e+00
 157.6000000       0.00000e+00       0.00000e+00
 157.7000000       0.00000e+00       0.00000e+00
 157.8000000       0.00000e+00       0.00000e+00
 157.9000000       0.00000e+00       0.00000e+00
 158.0000000       0.00000e+00       0.00000e+00
 158.1000000       0.00000e+00       0.00000e+00
 158.2000000       0.00000e+00       0.00000e+00
 158.3000000       0.00000e+00       0.00000e+00
 158.4000000       0.00000e+00       0.00000e+00
 158.5000000       0.00000e+00       0.00000e+00
 158.6000000       0.00000e+00       0.00000e+00
 158.7000000       0.00000e+00       0.00000e+00
 158.8000000       0.00000e+00       0.00000e+00
 158.9000000       0.00000e+00       0.00000e+00
 159.0000000       0.00000e+00       0.00000e+00
 159.1000000       0.00000e+00       0.00000e+00
 159.2000000       0.00000e+00       0.00000e+00
 159.3000000       0.00000e+00       0.00000e+00
 159.4000000       0.00000e+00       0.00000e+00
 159.5000000       0.00000e+00       0.00000e+00
 159.6000000       0.00000e+00       0.00000e+00
 159.7000000       0.00000e+00       0.00000e+00
 159.8000000       0.00000e+00       0.00000e+00
 159.9000000       0.00000e+00       0.00000e+00
 160.0000000       0.00000e+00       0.00000e+00
 160.1000000       0.00000e+00       0.00000e+00
 160.2000000       0.00000e+00       0.00000e+00
 160.3000000       0.00000e+00       0.00000e+00
 160.4000000       0.00000e+00       0.00000e+00
 160.5000000       0.00000e+00       0.00000e+00
 160.6000000       0.00000e+00       0.00000e+00
 160.7000000       0.00000e+00       0.00000e+00
 160.8000000       0.00000e+00       0.00000e+00
 160.9000000       0.00000e+00       0.00000e+00
 161.0000000       0.00000e+00       0.00000e+00
 161.1000000       0.00000e+00       0.00000e+00
 161.2000000       0.00000e+00       0.00000e+00
 161.3000000       0.00000e+00       0.00000e+00
 161.4000000       0.00000e+00       0.00000e+00
 161.5000000       0.00000e+00       0.00000e+00
 161.6000000       0.00000e+00       0.00000e+00
 161.7000000       0.00000e+00       0.00000e+00
 161.8000000       0.00000e+00       0.00000e+00
 161.9000000       0.00000e+00       0.00000e+00
 162.0000000       0.00000e+00       0.00000e+00
 162.1000000       0.00000e+00       0.00000e+00
 162.2000000       0.00000e+00       0.00000e+00
 162.3000000       0.00000e+00       0.00000e+00
 162.4000000       0.00000e+00       0.00000e+00
 162.5000000       0.00000e+00       0.00000e+00
 162.6000000       0.00000e+00       0.00000e+00
 162.7000000       0.00000e+00       0.00000e+00
 162.8000000       0.00000e+00       0.00000e+00
 162.9000000       0.00000e+00       0.00000e+00
 163.0000000       0.00000e+00       0.00000e+00
 163.1000000       0.00000e+00       0.00000e+00
 163.2000000       0.00000e+00       0.00000e+00
 163.3000000       0.00000e+00       0.00000e+00
 163.4000000       0.00000e+00       0.00000e+00
 163.5000000       0.00000e+00       0.00000e+00
 163.6000000       0.00000e+00       0.00000e+00
 163.7000000       0.00000e+00       0.00000e+00
 163.8000000       0.00000e+00       0.00000e+00
 163.9000000       0.00000e+00       0.00000e+00
 164.0000000       0.00000e+00       0.00000e+00
 164.1000000       0.00000e+00       0.00000e+00
 164.2000000       2.05073e-29       2.05073e-29
 164.3000000       2.28300e-28       2.28300e-28
 164.4000000       1.16342e-27       1.16342e-27
 164.5000000       5.52217e-27       5.52217e-27
 164.6000000       2.48186e-26       2.48186e-26
 164.7000000       1.05617e-25       1.05617e-25
 164.8000000       4.25580e-25       4.25580e-25
 164.9000000       1.62374e-24       1.62374e-24
 165.0000000       5.86600e-24       5.86600e-24
 165.1000000       2.00657e-23       2.00657e-23
 165.2000000       6.49906e-23       6.49906e-23
 165.3000000       1.99311e-22       1.99311e-22
 165.4000000       5.78751e-22       5.78751e-22
 165.5000000       1.59123e-21       1.59123e-21
 165.6000000       4.14238e-21       4.14238e-21
 165.7000000       1.02104e-20       1.02104e-20
 165.8000000       2.38289e-20       2.38289e-20
 165.9000000       5.26546e-20       5.26546e-20
 166.0000000       1.10163e-19       1.10163e-19
 166.1000000       2.18222e-19       2.18222e-19
 166.2000000       4.09281e-19       4.09281e-19
 166.3000000       7.26784e-19       7.26784e-19
 166.4000000       1.22193e-18       1.22193e-18
 166.5000000       1.94509e-18       1.94509e-18
 166.6000000       2.93149e-18       2.93149e-18
 166.7000000       4.18298e-18       4.18298e-18
 166.8000000       5.65111e-18       5.65111e-18
 166.9000000       7.22818e-18       7.22818e-18
 167.0000000       8.75329e-18       8.75329e-18
 167.1000000       1.00360e-17       1.00360e-17
 167.2000000       1.08941e-17       1.08941e-17
 167.3000000       1.11962e-17       1.11962e-17
 167.4000000       1.08941e-17       1.08941e-17
 167.5000000       1.00360e-17       1.00360e-17
 167.6000000       8.75329e-18       8.75329e-18
 167.7000000       7.22818e-18       7.22818e-18
 167.8000000       5.65111e-18       5.65111e-18
 167.9000000       4.18298e-18       4.18298e-18
 168.0000000       2.93149e-18       2.93149e-18
 168.1000000       1.94509e-18       1.94509e-18
 168.2000000       1.22193e-18       1.22193e-18
 168.3000000       7.26784e-19       7.26784e-19
 168.4000000       4.09281e-19       4.09281e-19
 168.5000000       2.18222e-19       2.18222e-19
 168.6000000       1.10163e-19       1.10163e-19
 168.7000000       5.26546e-20       5.26546e-20
 168.8000000       2.38289e-20       2.38289e-20
 168.9000000       1.02104e-20       1.02104e-20
 169.0000000       4.14238e-21       4.14238e-21
 169.1000000       1.59123e-21       1.59123e-21
 169.2000000       5.78751e-22       5.78751e-22
 169.3000000       1.99311e-22       1.99311e-22
 169.4000000       6.49906e-23       6.49906e-23
 169.5000000       2.00657e-23       2.00657e-23
 169.6000000       5.86600e-24       5.86600e-24
 169.7000000       1.62374e-24       1.62374e-24
 169.8000000       4.25580e-25       4.25580e-25
 169.9000000       1.05617e-25       1.05617e-25
 170.0000000       2.48186e-26       2.48186e-26
 170.1000000       5.52218e-27       5.52218e-27
 170.2000000       1.19556e-27       1.19556e-27
 170.3000000       5.26380e-28       5.26380e-28
