1.000000e-08   1.248206e-28
2.000000e-01   1.248206e-28
2.304176e-01   1.248206e-28
2.654613e-01   7.568782e-08
3.058348e-01   3.171748e-05
3.523486e-01   3.425317e-03
4.059366e-01   7.172228e+02
4.676747e-01   1.049000e+05
5.388024e-01   7.108928e+03
6.207477e-01   1.977955e+03
7.151560e-01   1.779345e+02
8.239226e-01   6.986198e+01
9.492313e-01   3.111568e+02
1.093598e+00   1.157923e+03
1.259921e+00   3.178909e+03
1.451540e+00   5.885191e+03
1.672302e+00   8.870997e+03
1.926639e+00   8.437460e+03
2.219657e+00   6.183168e+03
2.557240e+00   2.952895e+03
2.946166e+00   2.492576e+03
3.394242e+00   3.554056e+03
3.910466e+00   2.589678e+03
4.505200e+00   6.474627e+02
5.190387e+00   8.896541e+02
5.979782e+00   5.379705e+02
6.889235e+00   1.348472e+02
7.937005e+00   1.803634e+02
9.144128e+00   1.219090e+02
1.053484e+01   7.716172e+01
1.213706e+01   9.235086e+01
1.398296e+01   3.224971e+02
1.610960e+01   4.028998e+02
1.855968e+01   2.276130e+02
2.138239e+01   9.177297e+01
2.463439e+01   3.314534e+01
2.838098e+01   1.887189e+01
3.269739e+01   1.867254e+01
3.767027e+01   1.966380e+01
4.339946e+01   2.612677e+01
5.000000e+01   1.149595e+02
