1.000000e-08   3.793144e-04
4.000000e-01   9.919021e+01
4.527171e-01   1.138925e+05
5.123820e-01   1.702136e+04
5.799102e-01   3.582113e+03
6.563382e-01   7.671784e+02
7.428388e-01   9.647532e+01
8.407397e-01   7.372278e+01
9.515431e-01   2.848793e+02
1.076950e+00   9.341076e+02
1.218884e+00   2.391139e+03
1.379524e+00   4.930976e+03
1.561335e+00   7.684829e+03
1.767108e+00   8.350233e+03
2.000000e+00   7.661228e+03
2.263586e+00   6.615905e+03
2.561910e+00   2.297779e+03
2.899551e+00   3.323450e+03
3.281691e+00   1.824327e+03
3.714194e+00   5.173615e+03
4.203698e+00   8.461746e+02
4.757715e+00   6.806121e+02
5.384748e+00   9.147541e+02
6.094419e+00   4.442316e+02
6.897619e+00   1.191832e+02
7.806676e+00   2.012702e+02
8.835540e+00   1.367666e+02
1.000000e+01   8.858975e+01
1.131793e+01   7.522688e+01
1.280955e+01   1.261952e+02
1.449776e+01   3.750032e+02
1.640846e+01   4.003039e+02
1.857097e+01   2.383772e+02
2.101849e+01   1.090428e+02
2.378858e+01   4.519387e+01
2.692374e+01   2.075425e+01
3.047209e+01   1.878365e+01
3.448810e+01   1.861143e+01
3.903338e+01   2.041656e+01
4.417770e+01   2.658603e+01
5.000000e+01   1.149595e+02
