# b'NH2 cross sections\nAlan Heays 2015-09-24\nReference: koch1997, saxon1983,gibson1986\nphotoabsorption   -- Photoabsorption cross section (cm2)\nphotodissociation -- Photodissociation cross section (cm2)\nphotoionisation   -- Photoionisation cross section (cm2)'
# 
# wavelength   photoabsorption photodissociation   photoionisation
  75.1000000       2.66859e-17       0.00000e+00       2.66859e-17
  75.2000000       2.67489e-17       0.00000e+00       2.67489e-17
  75.3000000       2.68330e-17       0.00000e+00       2.68330e-17
  75.4000000       2.69170e-17       0.00000e+00       2.69170e-17
  75.5000000       2.70010e-17       0.00000e+00       2.70010e-17
  75.6000000       2.70839e-17       0.00000e+00       2.70839e-17
  75.7000000       2.70421e-17       0.00000e+00       2.70421e-17
  75.8000000       2.69155e-17       0.00000e+00       2.69155e-17
  75.9000000       2.67888e-17       0.00000e+00       2.67888e-17
  76.0000000       2.66622e-17       0.00000e+00       2.66622e-17
  76.1000000       2.66533e-17       0.00000e+00       2.66533e-17
  76.2000000       2.70377e-17       0.00000e+00       2.70377e-17
  76.3000000       2.68913e-17       0.00000e+00       2.68913e-17
  76.4000000       2.66230e-17       0.00000e+00       2.66230e-17
  76.5000000       2.63547e-17       0.00000e+00       2.63547e-17
  76.6000000       2.60864e-17       0.00000e+00       2.60864e-17
  76.7000000       2.58181e-17       0.00000e+00       2.58181e-17
  76.8000000       2.55507e-17       0.00000e+00       2.55507e-17
  76.9000000       2.54361e-17       0.00000e+00       2.54361e-17
  77.0000000       2.54638e-17       0.00000e+00       2.54638e-17
  77.1000000       2.55466e-17       0.00000e+00       2.55466e-17
  77.2000000       2.56318e-17       0.00000e+00       2.56318e-17
  77.3000000       2.57170e-17       0.00000e+00       2.57170e-17
  77.4000000       2.58022e-17       0.00000e+00       2.58022e-17
  77.5000000       2.58874e-17       0.00000e+00       2.58874e-17
  77.6000000       2.59726e-17       0.00000e+00       2.59726e-17
  77.7000000       2.59902e-17       0.00000e+00       2.59902e-17
  77.8000000       2.56081e-17       0.00000e+00       2.56081e-17
  77.9000000       2.51601e-17       0.00000e+00       2.51601e-17
  78.0000000       2.47121e-17       0.00000e+00       2.47121e-17
  78.1000000       2.42640e-17       0.00000e+00       2.42640e-17
  78.2000000       2.38160e-17       0.00000e+00       2.38160e-17
  78.3000000       2.33680e-17       0.00000e+00       2.33680e-17
  78.4000000       2.29200e-17       0.00000e+00       2.29200e-17
  78.5000000       2.25838e-17       0.00000e+00       2.25838e-17
  78.6000000       2.23023e-17       0.00000e+00       2.23023e-17
  78.7000000       2.09747e-17       0.00000e+00       2.09747e-17
  78.8000000       2.06708e-17       0.00000e+00       2.06708e-17
  78.9000000       2.04783e-17       0.00000e+00       2.04783e-17
  79.0000000       2.02859e-17       0.00000e+00       2.02859e-17
  79.1000000       2.02918e-17       0.00000e+00       2.02918e-17
  79.2000000       2.05712e-17       0.00000e+00       2.05712e-17
  79.3000000       2.00696e-17       0.00000e+00       2.00696e-17
  79.4000000       1.99666e-17       0.00000e+00       1.99666e-17
  79.5000000       1.99723e-17       0.00000e+00       1.99723e-17
  79.6000000       1.99778e-17       0.00000e+00       1.99778e-17
  79.7000000       1.99834e-17       0.00000e+00       1.99834e-17
  79.8000000       1.99889e-17       0.00000e+00       1.99889e-17
  79.9000000       1.99945e-17       0.00000e+00       1.99945e-17
  80.0000000       2.00000e-17       0.00000e+00       2.00000e-17
  80.1000000       1.99527e-17       0.00000e+00       1.99527e-17
  80.2000000       1.96790e-17       0.00000e+00       1.96790e-17
  80.3000000       1.92770e-17       0.00000e+00       1.92770e-17
  80.4000000       1.92409e-17       0.00000e+00       1.92409e-17
  80.5000000       1.92655e-17       0.00000e+00       1.92655e-17
  80.6000000       1.90666e-17       0.00000e+00       1.90666e-17
  80.7000000       1.90400e-17       0.00000e+00       1.90400e-17
  80.8000000       1.89247e-17       0.00000e+00       1.89247e-17
  80.9000000       1.90139e-17       0.00000e+00       1.90139e-17
  81.0000000       1.87677e-17       0.00000e+00       1.87677e-17
  81.1000000       1.83403e-17       0.00000e+00       1.83403e-17
  81.2000000       1.83247e-17       0.00000e+00       1.83247e-17
  81.3000000       1.83303e-17       0.00000e+00       1.83303e-17
  81.4000000       1.83358e-17       0.00000e+00       1.83358e-17
  81.5000000       1.83416e-17       0.00000e+00       1.83416e-17
  81.6000000       1.82953e-17       0.00000e+00       1.82953e-17
  81.7000000       1.79492e-17       0.00000e+00       1.79492e-17
  81.8000000       1.80287e-17       0.00000e+00       1.80287e-17
  81.9000000       1.82536e-17       0.00000e+00       1.82536e-17
  82.0000000       1.79752e-17       0.00000e+00       1.79752e-17
  82.1000000       1.77868e-17       0.00000e+00       1.77868e-17
  82.2000000       1.76516e-17       0.00000e+00       1.76516e-17
  82.3000000       1.77171e-17       0.00000e+00       1.77171e-17
  82.4000000       1.77595e-17       0.00000e+00       1.77595e-17
  82.5000000       1.76416e-17       0.00000e+00       1.76416e-17
  82.6000000       1.76269e-17       0.00000e+00       1.76269e-17
  82.7000000       1.75299e-17       0.00000e+00       1.75299e-17
  82.8000000       1.73794e-17       0.00000e+00       1.73794e-17
  82.9000000       1.72181e-17       0.00000e+00       1.72181e-17
  83.0000000       1.70567e-17       0.00000e+00       1.70567e-17
  83.1000000       1.70005e-17       0.00000e+00       1.70005e-17
  83.2000000       1.77720e-17       0.00000e+00       1.77720e-17
  83.3000000       1.86523e-17       0.00000e+00       1.86523e-17
  83.4000000       1.88343e-17       0.00000e+00       1.88343e-17
  83.5000000       1.88408e-17       0.00000e+00       1.88408e-17
  83.6000000       1.89296e-17       0.00000e+00       1.89296e-17
  83.7000000       1.89532e-17       0.00000e+00       1.89532e-17
  83.8000000       1.87218e-17       0.00000e+00       1.87218e-17
  83.9000000       1.88062e-17       0.00000e+00       1.88062e-17
  84.0000000       1.87805e-17       0.00000e+00       1.87805e-17
  84.1000000       1.86385e-17       0.00000e+00       1.86385e-17
  84.2000000       1.84682e-17       0.00000e+00       1.84682e-17
  84.3000000       1.83282e-17       0.00000e+00       1.83282e-17
  84.4000000       1.81906e-17       0.00000e+00       1.81906e-17
  84.5000000       1.80529e-17       0.00000e+00       1.80529e-17
  84.6000000       1.79433e-17       0.00000e+00       1.79433e-17
  84.7000000       1.79237e-17       0.00000e+00       1.79237e-17
  84.8000000       1.77018e-17       0.00000e+00       1.77018e-17
  84.9000000       1.77906e-17       0.00000e+00       1.77906e-17
  85.0000000       1.80458e-17       0.00000e+00       1.80458e-17
  85.1000000       1.78205e-17       0.00000e+00       1.78205e-17
  85.2000000       1.79031e-17       0.00000e+00       1.79031e-17
  85.3000000       1.80334e-17       0.00000e+00       1.80334e-17
  85.4000000       1.81637e-17       0.00000e+00       1.81637e-17
  85.5000000       1.82940e-17       0.00000e+00       1.82940e-17
  85.6000000       1.81938e-17       0.00000e+00       1.81938e-17
  85.7000000       1.78370e-17       0.00000e+00       1.78370e-17
  85.8000000       1.78022e-17       0.00000e+00       1.78022e-17
  85.9000000       1.75961e-17       0.00000e+00       1.75961e-17
  86.0000000       1.74308e-17       0.00000e+00       1.74308e-17
  86.1000000       1.74362e-17       0.00000e+00       1.74362e-17
  86.2000000       1.74207e-17       0.00000e+00       1.74207e-17
  86.3000000       1.73065e-17       0.00000e+00       1.73065e-17
  86.4000000       1.74938e-17       0.00000e+00       1.74938e-17
  86.5000000       1.73227e-17       0.00000e+00       1.73227e-17
  86.6000000       1.68552e-17       0.00000e+00       1.68552e-17
  86.7000000       1.66808e-17       0.00000e+00       1.66808e-17
  86.8000000       1.65774e-17       0.00000e+00       1.65774e-17
  86.9000000       1.69220e-17       0.00000e+00       1.69220e-17
  87.0000000       1.70077e-17       0.00000e+00       1.70077e-17
  87.1000000       1.68697e-17       0.00000e+00       1.68697e-17
  87.2000000       1.67603e-17       0.00000e+00       1.67603e-17
  87.3000000       1.68587e-17       0.00000e+00       1.68587e-17
  87.4000000       1.71768e-17       0.00000e+00       1.71768e-17
  87.5000000       1.74161e-17       0.00000e+00       1.74161e-17
  87.6000000       1.71589e-17       0.00000e+00       1.71589e-17
  87.7000000       1.69467e-17       0.00000e+00       1.69467e-17
  87.8000000       1.66713e-17       0.00000e+00       1.66713e-17
  87.9000000       1.62171e-17       0.00000e+00       1.62171e-17
  88.0000000       1.62678e-17       0.00000e+00       1.62678e-17
  88.1000000       1.64090e-17       0.00000e+00       1.64090e-17
  88.2000000       1.61074e-17       0.00000e+00       1.61074e-17
  88.3000000       1.63801e-17       0.00000e+00       1.63801e-17
  88.4000000       1.65248e-17       0.00000e+00       1.65248e-17
  88.5000000       1.62865e-17       0.00000e+00       1.62865e-17
  88.6000000       1.62273e-17       0.00000e+00       1.62273e-17
  88.7000000       1.63445e-17       0.00000e+00       1.63445e-17
  88.8000000       1.62813e-17       0.00000e+00       1.62813e-17
  88.9000000       1.61764e-17       0.00000e+00       1.61764e-17
  89.0000000       1.65208e-17       0.00000e+00       1.65208e-17
  89.1000000       1.63138e-17       0.00000e+00       1.63138e-17
  89.2000000       1.63943e-17       0.00000e+00       1.63943e-17
  89.3000000       1.62457e-17       0.00000e+00       1.62457e-17
  89.4000000       1.60065e-17       0.00000e+00       1.60065e-17
  89.5000000       1.60105e-17       0.00000e+00       1.60105e-17
  89.6000000       1.63692e-17       0.00000e+00       1.63692e-17
  89.7000000       1.62042e-17       0.00000e+00       1.62042e-17
  89.8000000       1.62090e-17       0.00000e+00       1.62090e-17
  89.9000000       1.61127e-17       0.00000e+00       1.61127e-17
  90.0000000       1.59165e-17       0.00000e+00       1.59165e-17
  90.1000000       1.59002e-17       0.00000e+00       1.59002e-17
  90.2000000       1.57915e-17       0.00000e+00       1.57915e-17
  90.3000000       1.59159e-17       0.00000e+00       1.59159e-17
  90.4000000       1.60716e-17       0.00000e+00       1.60716e-17
  90.5000000       1.59923e-17       0.00000e+00       1.59923e-17
  90.6000000       1.62316e-17       0.00000e+00       1.62316e-17
  90.7000000       1.61088e-17       0.00000e+00       1.61088e-17
  90.8000000       1.59561e-17       0.00000e+00       1.59561e-17
  90.9000000       1.59615e-17       0.00000e+00       1.59615e-17
  91.0000000       1.59485e-17       0.00000e+00       1.59485e-17
  91.1000000       1.57203e-17       0.00000e+00       1.57203e-17
  91.2000000       1.56196e-17       0.00000e+00       1.56196e-17
  91.3000000       1.56773e-17       0.00000e+00       1.56773e-17
  91.4000000       1.57349e-17       0.00000e+00       1.57349e-17
  91.5000000       1.57926e-17       0.00000e+00       1.57926e-17
  91.6000000       1.58503e-17       0.00000e+00       1.58503e-17
  91.7000000       1.59080e-17       0.00000e+00       1.59080e-17
  91.8000000       1.59656e-17       0.00000e+00       1.59656e-17
  91.9000000       1.60436e-17       0.00000e+00       1.60436e-17
  92.0000000       1.61831e-17       0.00000e+00       1.61831e-17
  92.1000000       1.62208e-17       0.00000e+00       1.62208e-17
  92.2000000       1.59228e-17       0.00000e+00       1.59228e-17
  92.3000000       1.57910e-17       0.00000e+00       1.57910e-17
  92.4000000       1.60186e-17       0.00000e+00       1.60186e-17
  92.5000000       1.60614e-17       0.00000e+00       1.60614e-17
  92.6000000       1.63075e-17       0.00000e+00       1.63075e-17
  92.7000000       1.65276e-17       0.00000e+00       1.65276e-17
  92.8000000       1.66785e-17       0.00000e+00       1.66785e-17
  92.9000000       1.67738e-17       0.00000e+00       1.67738e-17
  93.0000000       1.65401e-17       0.00000e+00       1.65401e-17
  93.1000000       1.65910e-17       0.00000e+00       1.65910e-17
  93.2000000       1.68212e-17       0.00000e+00       1.68212e-17
  93.3000000       1.69855e-17       0.00000e+00       1.69855e-17
  93.4000000       1.67635e-17       0.00000e+00       1.67635e-17
  93.5000000       1.65594e-17       0.00000e+00       1.65594e-17
  93.6000000       1.65283e-17       0.00000e+00       1.65283e-17
  93.7000000       1.65165e-17       0.00000e+00       1.65165e-17
  93.8000000       1.65048e-17       0.00000e+00       1.65048e-17
  93.9000000       1.64931e-17       0.00000e+00       1.64931e-17
  94.0000000       1.64814e-17       0.00000e+00       1.64814e-17
  94.1000000       1.64697e-17       0.00000e+00       1.64697e-17
  94.2000000       1.64579e-17       0.00000e+00       1.64579e-17
  94.3000000       1.64462e-17       0.00000e+00       1.64462e-17
  94.4000000       1.64345e-17       0.00000e+00       1.64345e-17
  94.5000000       1.64228e-17       0.00000e+00       1.64228e-17
  94.6000000       1.64110e-17       0.00000e+00       1.64110e-17
  94.7000000       1.63949e-17       0.00000e+00       1.63949e-17
  94.8000000       1.62574e-17       0.00000e+00       1.62574e-17
  94.9000000       1.62780e-17       0.00000e+00       1.62780e-17
  95.0000000       1.63160e-17       0.00000e+00       1.63160e-17
  95.1000000       1.63539e-17       0.00000e+00       1.63539e-17
  95.2000000       1.63919e-17       0.00000e+00       1.63919e-17
  95.3000000       1.64299e-17       0.00000e+00       1.64299e-17
  95.4000000       1.64678e-17       0.00000e+00       1.64678e-17
  95.5000000       1.65058e-17       0.00000e+00       1.65058e-17
  95.6000000       1.65437e-17       0.00000e+00       1.65437e-17
  95.7000000       1.65817e-17       0.00000e+00       1.65817e-17
  95.8000000       1.66196e-17       0.00000e+00       1.66196e-17
  95.9000000       1.66576e-17       0.00000e+00       1.66576e-17
  96.0000000       1.66955e-17       0.00000e+00       1.66955e-17
  96.1000000       1.67306e-17       0.00000e+00       1.67306e-17
  96.2000000       1.67077e-17       0.00000e+00       1.67077e-17
  96.3000000       1.66615e-17       0.00000e+00       1.66615e-17
  96.4000000       1.66153e-17       0.00000e+00       1.66153e-17
  96.5000000       1.65691e-17       0.00000e+00       1.65691e-17
  96.6000000       1.65229e-17       0.00000e+00       1.65229e-17
  96.7000000       1.64767e-17       0.00000e+00       1.64767e-17
  96.8000000       1.64305e-17       0.00000e+00       1.64305e-17
  96.9000000       1.63843e-17       0.00000e+00       1.63843e-17
  97.0000000       1.63381e-17       0.00000e+00       1.63381e-17
  97.1000000       1.62919e-17       0.00000e+00       1.62919e-17
  97.2000000       1.62457e-17       0.00000e+00       1.62457e-17
  97.3000000       1.61995e-17       0.00000e+00       1.61995e-17
  97.4000000       1.61533e-17       0.00000e+00       1.61533e-17
  97.5000000       1.61089e-17       0.00000e+00       1.61089e-17
  97.6000000       1.60748e-17       0.00000e+00       1.60748e-17
  97.7000000       1.60425e-17       0.00000e+00       1.60425e-17
  97.8000000       1.60101e-17       0.00000e+00       1.60101e-17
  97.9000000       1.59778e-17       0.00000e+00       1.59778e-17
  98.0000000       1.59455e-17       0.00000e+00       1.59455e-17
  98.1000000       1.59131e-17       0.00000e+00       1.59131e-17
  98.2000000       1.58808e-17       0.00000e+00       1.58808e-17
  98.3000000       1.58484e-17       0.00000e+00       1.58484e-17
  98.4000000       1.58161e-17       0.00000e+00       1.58161e-17
  98.5000000       1.58201e-17       0.00000e+00       1.58201e-17
  98.6000000       1.58968e-17       0.00000e+00       1.58968e-17
  98.7000000       1.59756e-17       0.00000e+00       1.59756e-17
  98.8000000       1.60543e-17       0.00000e+00       1.60543e-17
  98.9000000       1.61330e-17       0.00000e+00       1.61330e-17
  99.0000000       1.62118e-17       0.00000e+00       1.62118e-17
  99.1000000       1.62905e-17       0.00000e+00       1.62905e-17
  99.2000000       1.63693e-17       0.00000e+00       1.63693e-17
  99.3000000       1.64480e-17       0.00000e+00       1.64480e-17
  99.4000000       1.65267e-17       0.00000e+00       1.65267e-17
  99.5000000       1.66055e-17       0.00000e+00       1.66055e-17
  99.6000000       1.66842e-17       0.00000e+00       1.66842e-17
  99.7000000       1.63360e-17       0.00000e+00       1.63360e-17
  99.8000000       1.51200e-17       0.00000e+00       1.51200e-17
  99.9000000       1.38784e-17       0.00000e+00       1.38784e-17
 100.0000000       1.28847e-17       2.86058e-47       1.28847e-17
 100.1000000       1.29166e-17       1.59170e-46       1.29166e-17
 100.2000000       1.30607e-17       6.22604e-46       1.30607e-17
 100.3000000       1.32047e-17       2.40187e-45       1.32047e-17
 100.4000000       1.33487e-17       9.13844e-45       1.33487e-17
 100.5000000       1.34928e-17       3.42910e-44       1.34928e-17
 100.6000000       1.36358e-17       1.26904e-43       1.36358e-17
 100.7000000       1.36453e-17       4.63187e-43       1.36453e-17
 100.8000000       1.35596e-17       1.66733e-42       1.35596e-17
 100.9000000       1.34740e-17       5.91936e-42       1.34740e-17
 101.0000000       1.33883e-17       2.07259e-41       1.33883e-17
 101.1000000       1.33026e-17       7.15712e-41       1.33026e-17
 101.2000000       1.32565e-17       2.43752e-40       1.32565e-17
 101.3000000       1.35791e-17       8.18738e-40       1.35791e-17
 101.4000000       1.45409e-17       2.71224e-39       1.45409e-17
 101.5000000       1.40941e-17       8.86127e-39       1.40941e-17
 101.6000000       1.16340e-17       2.85529e-38       1.16340e-17
 101.7000000       1.11672e-17       9.07384e-38       1.11672e-17
 101.8000000       1.16409e-17       2.84392e-37       1.16409e-17
 101.9000000       1.23236e-17       8.79084e-37       1.23236e-17
 102.0000000       1.51912e-17       2.67997e-36       1.51912e-17
 102.1000000       1.24310e-17       8.05775e-36       1.24310e-17
 102.2000000       1.02584e-17       2.38938e-35       1.02584e-17
 102.3000000       9.98474e-18       6.98783e-35       9.98474e-18
 102.4000000       9.71105e-18       2.01551e-34       9.71105e-18
 102.5000000       9.48961e-18       5.73343e-34       9.48961e-18
 102.6000000       9.75143e-18       1.60853e-33       9.75143e-18
 102.7000000       1.01308e-17       4.45073e-33       1.01308e-17
 102.8000000       1.20247e-17       1.21456e-32       1.20247e-17
 102.9000000       1.64139e-17       3.26883e-32       1.64139e-17
 103.0000000       1.29554e-17       8.67667e-32       1.29554e-17
 103.1000000       9.89053e-18       2.27143e-31       9.89053e-18
 103.2000000       8.92858e-18       5.86451e-31       8.92858e-18
 103.3000000       7.97826e-18       1.49331e-30       7.97826e-18
 103.4000000       7.62687e-18       3.75020e-30       7.62687e-18
 103.5000000       7.41062e-18       9.28851e-30       7.41062e-18
 103.6000000       7.20956e-18       2.26894e-29       7.20956e-18
 103.7000000       7.48130e-18       5.46621e-29       7.48130e-18
 103.8000000       7.87267e-18       1.29878e-28       7.87267e-18
 103.9000000       8.26405e-18       3.04349e-28       8.26405e-18
 104.0000000       8.65542e-18       7.03387e-28       8.65542e-18
 104.1000000       9.28705e-18       1.60326e-27       9.28705e-18
 104.2000000       1.02555e-17       3.60410e-27       1.02555e-17
 104.3000000       1.14487e-17       7.99058e-27       1.14487e-17
 104.4000000       1.56683e-17       1.74721e-26       1.56683e-17
 104.5000000       1.47955e-17       3.76790e-26       1.47955e-17
 104.6000000       9.09026e-18       8.01381e-26       9.09026e-18
 104.7000000       6.36029e-18       1.68099e-25       6.36029e-18
 104.8000000       5.69773e-18       3.47758e-25       5.69773e-18
 104.9000000       5.53759e-18       7.09539e-25       5.53758e-18
 105.0000000       5.45536e-18       1.42778e-24       5.45536e-18
 105.1000000       5.25250e-18       2.83356e-24       5.25250e-18
 105.2000000       5.08132e-18       5.54613e-24       5.08132e-18
 105.3000000       5.08276e-18       1.07062e-23       5.08275e-18
 105.4000000       5.08421e-18       2.03828e-23       5.08419e-18
 105.5000000       5.08567e-18       3.82720e-23       5.08563e-18
 105.6000000       5.08714e-18       7.08736e-23       5.08707e-18
 105.7000000       5.08864e-18       1.29442e-22       5.08851e-18
 105.8000000       5.77104e-18       2.33158e-22       5.77081e-18
 105.9000000       5.92846e-18       4.14202e-22       5.92805e-18
 106.0000000       5.33682e-18       7.25706e-22       5.33610e-18
 106.1000000       4.78062e-18       1.25399e-21       4.77936e-18
 106.2000000       4.35379e-18       2.13706e-21       4.35165e-18
 106.3000000       3.93980e-18       3.59190e-21       3.93621e-18
 106.4000000       3.68847e-18       5.95414e-21       3.68251e-18
 106.5000000       3.45697e-18       9.73418e-21       3.44723e-18
 106.6000000       3.44605e-18       1.56952e-20       3.43036e-18
 106.7000000       3.76399e-18       2.49586e-20       3.73903e-18
 106.8000000       4.14952e-18       3.91435e-20       4.11037e-18
 106.9000000       4.66358e-18       6.05460e-20       4.60304e-18
 107.0000000       5.22379e-18       9.23631e-20       5.13142e-18
 107.1000000       5.62314e-18       1.38962e-19       5.48418e-18
 107.2000000       5.03510e-18       2.06197e-19       4.82890e-18
 107.3000000       5.39636e-18       3.01755e-19       5.09461e-18
 107.4000000       7.70588e-18       4.35525e-19       7.27035e-18
 107.5000000       1.24415e-17       6.19952e-19       1.18216e-17
 107.6000000       1.06603e-17       8.70341e-19       9.79000e-18
 107.7000000       5.77364e-18       1.20506e-18       4.56859e-18
 107.8000000       4.15190e-18       1.64555e-18       2.50635e-18
 107.9000000       4.07516e-18       2.21617e-18       1.85899e-18
 108.0000000       4.52762e-18       2.94360e-18       1.58402e-18
 108.1000000       5.41180e-18       3.85605e-18       1.55575e-18
 108.2000000       6.46283e-18       4.98188e-18       1.48096e-18
 108.3000000       7.71193e-18       6.34789e-18       1.36404e-18
 108.4000000       9.33089e-18       7.97724e-18       1.35365e-18
 108.5000000       1.12077e-17       9.88694e-18       1.32074e-18
 108.6000000       1.33941e-17       1.20853e-17       1.30876e-18
 108.7000000       1.58583e-17       1.45694e-17       1.28899e-18
 108.8000000       1.85555e-17       1.73224e-17       1.23302e-18
 108.9000000       2.16822e-17       2.03126e-17       1.36963e-18
 109.0000000       2.49278e-17       2.34913e-17       1.43656e-18
 109.1000000       2.82490e-17       2.67938e-17       1.45517e-18
 109.2000000       3.16146e-17       3.01404e-17       1.47419e-18
 109.3000000       3.49997e-17       3.34388e-17       1.56088e-18
 109.4000000       3.81844e-17       3.65880e-17       1.59637e-18
 109.5000000       4.06588e-17       3.94833e-17       1.17557e-18
 109.6000000       4.29797e-17       4.20217e-17       9.57975e-19
 109.7000000       4.49221e-17       4.41084e-17       8.13751e-19
 109.8000000       4.65198e-17       4.56620e-17       8.57750e-19
 109.9000000       4.75347e-17       4.66203e-17       9.14419e-19
 110.0000000       4.78714e-17       4.69442e-17       9.27179e-19
 110.1000000       4.74967e-17       4.66203e-17       8.76332e-19
 110.2000000       4.64960e-17       4.56620e-17       8.33994e-19
 110.3000000       4.48665e-17       4.41084e-17       7.58073e-19
 110.4000000       4.27291e-17       4.20217e-17       7.07379e-19
 110.5000000       4.01544e-17       3.94833e-17       6.71091e-19
 110.6000000       3.72203e-17       3.65880e-17       6.32269e-19
 110.7000000       3.39997e-17       3.34388e-17       5.60900e-19
 110.8000000       3.06235e-17       3.01404e-17       4.83085e-19
 110.9000000       2.72150e-17       2.67938e-17       4.21118e-19
 111.0000000       2.39064e-17       2.34913e-17       4.15179e-19
 111.1000000       2.07236e-17       2.03126e-17       4.11085e-19
 111.2000000       1.77015e-17       1.73224e-17       3.79069e-19
 111.3000000       1.49316e-17       1.45694e-17       3.62285e-19
 111.4000000       1.24189e-17       1.20853e-17       3.33583e-19
 111.5000000       1.02010e-17       9.88694e-18       3.14089e-19
 111.6000000       8.31821e-18       7.97724e-18       3.40976e-19
 111.7000000       6.71732e-18       6.34789e-18       3.69425e-19
 111.8000000       5.35010e-18       4.98188e-18       3.68227e-19
 111.9000000       4.19381e-18       3.85605e-18       3.37754e-19
 112.0000000       3.26397e-18       2.94360e-18       3.20367e-19
 112.1000000       2.53797e-18       2.21617e-18       3.21804e-19
 112.2000000       1.96879e-18       1.64555e-18       3.23237e-19
 112.3000000       1.52973e-18       1.20506e-18       3.24673e-19
 112.4000000       1.19646e-18       8.70341e-19       3.26114e-19
 112.5000000       6.36294e-19       6.19952e-19       1.63418e-20
 112.6000000       4.35525e-19       4.35525e-19       0.00000e+00
 112.7000000       3.01755e-19       3.01755e-19       0.00000e+00
 112.8000000       2.06197e-19       2.06197e-19       0.00000e+00
 112.9000000       1.38962e-19       1.38962e-19       0.00000e+00
 113.0000000       9.47220e-20       9.47220e-20       0.00000e+00
 113.1000000       6.48456e-20       6.48456e-20       0.00000e+00
 113.2000000       4.34567e-20       4.34567e-20       0.00000e+00
 113.3000000       2.92855e-20       2.92855e-20       0.00000e+00
 113.4000000       2.00358e-20       2.00358e-20       0.00000e+00
 113.5000000       1.40884e-20       1.40884e-20       0.00000e+00
 113.6000000       1.03220e-20       1.03220e-20       0.00000e+00
 113.7000000       7.97334e-21       7.97334e-21       0.00000e+00
 113.8000000       6.55635e-21       6.55635e-21       0.00000e+00
 113.9000000       6.38699e-21       6.38699e-21       0.00000e+00
 114.0000000       6.88425e-21       6.88425e-21       0.00000e+00
 114.1000000       7.59830e-21       7.59830e-21       0.00000e+00
 114.2000000       8.44179e-21       8.44179e-21       0.00000e+00
 114.3000000       8.83813e-21       8.83813e-21       0.00000e+00
 114.4000000       8.79297e-21       8.79297e-21       0.00000e+00
 114.5000000       8.77378e-21       8.77378e-21       0.00000e+00
 114.6000000       8.76930e-21       8.76930e-21       0.00000e+00
 114.7000000       8.77299e-21       8.77299e-21       0.00000e+00
 114.8000000       8.78111e-21       8.78111e-21       0.00000e+00
 114.9000000       8.79168e-21       8.79168e-21       0.00000e+00
 115.0000000       8.80355e-21       8.80355e-21       0.00000e+00
 115.1000000       8.81610e-21       8.81610e-21       0.00000e+00
 115.2000000       8.82896e-21       8.82896e-21       0.00000e+00
 115.3000000       8.84200e-21       8.84200e-21       0.00000e+00
 115.4000000       8.85513e-21       8.85513e-21       0.00000e+00
 115.5000000       8.91371e-21       8.91371e-21       0.00000e+00
 115.6000000       9.82750e-21       9.82750e-21       0.00000e+00
 115.7000000       1.10736e-20       1.10736e-20       0.00000e+00
 115.8000000       1.23197e-20       1.23197e-20       0.00000e+00
 115.9000000       1.31467e-20       1.31467e-20       0.00000e+00
 116.0000000       1.31800e-20       1.31800e-20       0.00000e+00
 116.1000000       1.31930e-20       1.31930e-20       0.00000e+00
 116.2000000       1.32061e-20       1.32061e-20       0.00000e+00
 116.3000000       1.32191e-20       1.32191e-20       0.00000e+00
 116.4000000       1.32320e-20       1.32320e-20       0.00000e+00
 116.5000000       1.32449e-20       1.32449e-20       0.00000e+00
 116.6000000       1.32579e-20       1.32579e-20       0.00000e+00
 116.7000000       1.32766e-20       1.32766e-20       0.00000e+00
 116.8000000       1.38672e-20       1.38672e-20       0.00000e+00
 116.9000000       1.48422e-20       1.48422e-20       0.00000e+00
 117.0000000       1.58171e-20       1.58171e-20       0.00000e+00
 117.1000000       1.67921e-20       1.67921e-20       0.00000e+00
 117.2000000       1.75356e-20       1.75356e-20       0.00000e+00
 117.3000000       1.75939e-20       1.75939e-20       0.00000e+00
 117.4000000       1.76066e-20       1.76066e-20       0.00000e+00
 117.5000000       1.76194e-20       1.76194e-20       0.00000e+00
 117.6000000       1.76321e-20       1.76321e-20       0.00000e+00
 117.7000000       1.76448e-20       1.76448e-20       0.00000e+00
 117.8000000       1.76574e-20       1.76574e-20       0.00000e+00
 117.9000000       1.76700e-20       1.76700e-20       0.00000e+00
 118.0000000       1.76826e-20       1.76826e-20       0.00000e+00
 118.1000000       1.76953e-20       1.76953e-20       0.00000e+00
 118.2000000       1.77079e-20       1.77079e-20       0.00000e+00
 118.3000000       1.77205e-20       1.77205e-20       0.00000e+00
 118.4000000       1.79210e-20       1.79210e-20       0.00000e+00
 118.5000000       1.88066e-20       1.88066e-20       0.00000e+00
 118.6000000       1.97569e-20       1.97569e-20       0.00000e+00
 118.7000000       2.07073e-20       2.07073e-20       0.00000e+00
 118.8000000       2.16524e-20       2.16524e-20       0.00000e+00
 118.9000000       2.20417e-20       2.20417e-20       0.00000e+00
 119.0000000       2.20540e-20       2.20540e-20       0.00000e+00
 119.1000000       2.20664e-20       2.20664e-20       0.00000e+00
 119.2000000       2.20787e-20       2.20787e-20       0.00000e+00
 119.3000000       2.20911e-20       2.20911e-20       0.00000e+00
 119.4000000       2.21034e-20       2.21034e-20       0.00000e+00
 119.5000000       2.21156e-20       2.21156e-20       0.00000e+00
 119.6000000       2.21279e-20       2.21279e-20       0.00000e+00
 119.7000000       2.21402e-20       2.21402e-20       0.00000e+00
 119.8000000       2.21525e-20       2.21525e-20       0.00000e+00
 119.9000000       2.21647e-20       2.21647e-20       0.00000e+00
 120.0000000       2.21768e-20       2.21768e-20       0.00000e+00
 120.1000000       2.21890e-20       2.21890e-20       0.00000e+00
 120.2000000       2.22012e-20       2.22012e-20       0.00000e+00
 120.3000000       2.22133e-20       2.22133e-20       0.00000e+00
 120.4000000       2.22254e-20       2.22254e-20       0.00000e+00
 120.5000000       2.22375e-20       2.22375e-20       0.00000e+00
 120.6000000       2.22496e-20       2.22496e-20       0.00000e+00
 120.7000000       2.24347e-20       2.24347e-20       0.00000e+00
 120.8000000       2.32826e-20       2.32826e-20       0.00000e+00
 120.9000000       2.41970e-20       2.41970e-20       0.00000e+00
 121.0000000       2.51113e-20       2.51113e-20       0.00000e+00
 121.1000000       2.60257e-20       2.60257e-20       0.00000e+00
 121.2000000       2.69362e-20       2.69362e-20       0.00000e+00
 121.3000000       2.78412e-20       2.78412e-20       0.00000e+00
 121.4000000       2.87462e-20       2.87462e-20       0.00000e+00
 121.5000000       2.96512e-20       2.96512e-20       0.00000e+00
 121.6000000       3.05575e-20       3.05575e-20       0.00000e+00
 121.7000000       3.15234e-20       3.15234e-20       0.00000e+00
 121.8000000       3.25230e-20       3.25230e-20       0.00000e+00
 121.9000000       3.35226e-20       3.35226e-20       0.00000e+00
 122.0000000       3.45221e-20       3.45221e-20       0.00000e+00
 122.1000000       3.54826e-20       3.54826e-20       0.00000e+00
 122.2000000       3.63776e-20       3.63776e-20       0.00000e+00
 122.3000000       3.72714e-20       3.72714e-20       0.00000e+00
 122.4000000       3.81653e-20       3.81653e-20       0.00000e+00
 122.5000000       3.90591e-20       3.90591e-20       0.00000e+00
 122.6000000       3.99479e-20       3.99479e-20       0.00000e+00
 122.7000000       4.08325e-20       4.08325e-20       0.00000e+00
 122.8000000       4.17171e-20       4.17171e-20       0.00000e+00
 122.9000000       4.26016e-20       4.26016e-20       0.00000e+00
 123.0000000       4.35043e-20       4.35043e-20       0.00000e+00
 123.1000000       4.50908e-20       4.50908e-20       0.00000e+00
 123.2000000       4.70331e-20       4.70331e-20       0.00000e+00
 123.3000000       4.89754e-20       4.89754e-20       0.00000e+00
 123.4000000       5.09177e-20       5.09177e-20       0.00000e+00
 123.5000000       5.27966e-20       5.27966e-20       0.00000e+00
 123.6000000       5.45373e-20       5.45373e-20       0.00000e+00
 123.7000000       5.62729e-20       5.62729e-20       0.00000e+00
 123.8000000       5.80085e-20       5.80085e-20       0.00000e+00
 123.9000000       5.97441e-20       5.97441e-20       0.00000e+00
 124.0000000       6.21097e-20       6.21097e-20       0.00000e+00
 124.1000000       6.55377e-20       6.55377e-20       0.00000e+00
 124.2000000       6.89197e-20       6.89197e-20       0.00000e+00
 124.3000000       7.16546e-20       7.16546e-20       0.00000e+00
 124.4000000       7.42226e-20       7.42226e-20       0.00000e+00
 124.5000000       7.67907e-20       7.67907e-20       0.00000e+00
 124.6000000       7.93587e-20       7.93587e-20       0.00000e+00
 124.7000000       8.20244e-20       8.20244e-20       0.00000e+00
 124.8000000       8.55817e-20       8.55817e-20       0.00000e+00
 124.9000000       8.93542e-20       8.93542e-20       0.00000e+00
 125.0000000       9.31267e-20       9.31267e-20       0.00000e+00
 125.1000000       9.68992e-20       9.68992e-20       0.00000e+00
 125.2000000       1.00661e-19       1.00661e-19       0.00000e+00
 125.3000000       1.04408e-19       1.04408e-19       0.00000e+00
 125.4000000       1.08154e-19       1.08154e-19       0.00000e+00
 125.5000000       1.11901e-19       1.11901e-19       0.00000e+00
 125.6000000       1.15645e-19       1.15645e-19       0.00000e+00
 125.7000000       1.19370e-19       1.19370e-19       0.00000e+00
 125.8000000       1.23088e-19       1.23088e-19       0.00000e+00
 125.9000000       1.26806e-19       1.26806e-19       0.00000e+00
 126.0000000       1.30524e-19       1.30524e-19       0.00000e+00
 126.1000000       1.34668e-19       1.34668e-19       0.00000e+00
 126.2000000       1.39816e-19       1.39816e-19       0.00000e+00
 126.3000000       1.45010e-19       1.45010e-19       0.00000e+00
 126.4000000       1.50204e-19       1.50204e-19       0.00000e+00
 126.5000000       1.55264e-19       1.55264e-19       0.00000e+00
 126.6000000       1.59883e-19       1.59883e-19       0.00000e+00
 126.7000000       1.64467e-19       1.64467e-19       0.00000e+00
 126.8000000       1.69051e-19       1.69051e-19       0.00000e+00
 126.9000000       1.73635e-19       1.73635e-19       0.00000e+00
 127.0000000       1.77967e-19       1.77967e-19       0.00000e+00
 127.1000000       1.82065e-19       1.82065e-19       0.00000e+00
 127.2000000       1.86163e-19       1.86163e-19       0.00000e+00
 127.3000000       1.90260e-19       1.90260e-19       0.00000e+00
 127.4000000       1.94727e-19       1.94727e-19       0.00000e+00
 127.5000000       1.99806e-19       1.99806e-19       0.00000e+00
 127.6000000       2.04895e-19       2.04895e-19       0.00000e+00
 127.7000000       2.09984e-19       2.09984e-19       0.00000e+00
 127.8000000       2.14829e-19       2.14829e-19       0.00000e+00
 127.9000000       2.18928e-19       2.18928e-19       0.00000e+00
 128.0000000       2.22972e-19       2.22972e-19       0.00000e+00
 128.1000000       2.27017e-19       2.27017e-19       0.00000e+00
 128.2000000       2.31122e-19       2.31122e-19       0.00000e+00
 128.3000000       2.35638e-19       2.35638e-19       0.00000e+00
 128.4000000       2.40230e-19       2.40230e-19       0.00000e+00
 128.5000000       2.44823e-19       2.44823e-19       0.00000e+00
 128.6000000       2.48366e-19       2.48366e-19       0.00000e+00
 128.7000000       2.49474e-19       2.49474e-19       0.00000e+00
 128.8000000       2.50479e-19       2.50479e-19       0.00000e+00
 128.9000000       2.51483e-19       2.51483e-19       0.00000e+00
 129.0000000       2.52793e-19       2.52793e-19       0.00000e+00
 129.1000000       2.55991e-19       2.55991e-19       0.00000e+00
 129.2000000       2.59517e-19       2.59517e-19       0.00000e+00
 129.3000000       2.63044e-19       2.63044e-19       0.00000e+00
 129.4000000       2.66570e-19       2.66570e-19       0.00000e+00
 129.5000000       2.68899e-19       2.68899e-19       0.00000e+00
 129.6000000       2.67276e-19       2.67276e-19       0.00000e+00
 129.7000000       2.65331e-19       2.65331e-19       0.00000e+00
 129.8000000       2.63385e-19       2.63385e-19       0.00000e+00
 129.9000000       2.61628e-19       2.61628e-19       0.00000e+00
 130.0000000       2.62509e-19       2.62509e-19       0.00000e+00
 130.1000000       2.64250e-19       2.64250e-19       0.00000e+00
 130.2000000       2.65991e-19       2.65991e-19       0.00000e+00
 130.3000000       2.67733e-19       2.67733e-19       0.00000e+00
 130.4000000       2.68582e-19       2.68582e-19       0.00000e+00
 130.5000000       2.61643e-19       2.61643e-19       0.00000e+00
 130.6000000       2.52875e-19       2.52875e-19       0.00000e+00
 130.7000000       2.44108e-19       2.44108e-19       0.00000e+00
 130.8000000       2.39314e-19       2.39314e-19       0.00000e+00
 130.9000000       2.54623e-19       2.54623e-19       0.00000e+00
 131.0000000       2.61198e-19       2.61198e-19       0.00000e+00
 131.1000000       2.51195e-19       2.51195e-19       0.00000e+00
 131.2000000       2.41058e-19       2.41058e-19       0.00000e+00
 131.3000000       2.32311e-19       2.32311e-19       0.00000e+00
 131.4000000       2.30171e-19       2.30171e-19       0.00000e+00
 131.5000000       2.28912e-19       2.28912e-19       0.00000e+00
 131.6000000       2.27418e-19       2.27418e-19       0.00000e+00
 131.7000000       2.19240e-19       2.19240e-19       0.00000e+00
 131.8000000       2.07955e-19       2.07955e-19       0.00000e+00
 131.9000000       1.96670e-19       1.96670e-19       0.00000e+00
 132.0000000       1.86695e-19       1.86695e-19       0.00000e+00
 132.1000000       1.79143e-19       1.79143e-19       0.00000e+00
 132.2000000       1.71651e-19       1.71651e-19       0.00000e+00
 132.3000000       1.64158e-19       1.64158e-19       0.00000e+00
 132.4000000       1.56681e-19       1.56681e-19       0.00000e+00
 132.5000000       1.49230e-19       1.49230e-19       0.00000e+00
 132.6000000       1.41780e-19       1.41780e-19       0.00000e+00
 132.7000000       1.34329e-19       1.34329e-19       0.00000e+00
 132.8000000       1.26896e-19       1.26896e-19       0.00000e+00
 132.9000000       1.19490e-19       1.19490e-19       0.00000e+00
 133.0000000       1.12084e-19       1.12084e-19       0.00000e+00
 133.1000000       1.04678e-19       1.04678e-19       0.00000e+00
 133.2000000       9.72894e-20       9.72894e-20       0.00000e+00
 133.3000000       8.99276e-20       8.99276e-20       0.00000e+00
 133.4000000       8.25662e-20       8.25662e-20       0.00000e+00
 133.5000000       7.52047e-20       7.52047e-20       0.00000e+00
 133.6000000       6.88372e-20       6.88372e-20       0.00000e+00
 133.7000000       6.42228e-20       6.42228e-20       0.00000e+00
 133.8000000       5.96460e-20       5.96460e-20       0.00000e+00
 133.9000000       5.50693e-20       5.50693e-20       0.00000e+00
 134.0000000       5.06180e-20       5.06180e-20       0.00000e+00
 134.1000000       4.97143e-20       4.97143e-20       0.00000e+00
 134.2000000       5.04549e-20       5.04549e-20       0.00000e+00
 134.3000000       5.11954e-20       5.11954e-20       0.00000e+00
 134.4000000       5.19359e-20       5.19359e-20       0.00000e+00
 134.5000000       5.26765e-20       5.26765e-20       0.00000e+00
 134.6000000       5.38680e-20       5.38680e-20       0.00000e+00
 134.7000000       5.91424e-20       5.91424e-20       0.00000e+00
 134.8000000       6.53973e-20       6.53973e-20       0.00000e+00
 134.9000000       7.16521e-20       7.16521e-20       0.00000e+00
 135.0000000       7.82747e-20       7.82747e-20       0.00000e+00
 135.1000000       8.98232e-20       8.98232e-20       0.00000e+00
 135.2000000       1.02945e-19       1.02945e-19       0.00000e+00
 135.3000000       1.16341e-19       1.16341e-19       0.00000e+00
 135.4000000       1.32145e-19       1.32145e-19       0.00000e+00
 135.5000000       1.48546e-19       1.48546e-19       0.00000e+00
 135.6000000       1.69455e-19       1.69455e-19       0.00000e+00
 135.7000000       1.93641e-19       1.93641e-19       0.00000e+00
 135.8000000       2.15999e-19       2.15999e-19       0.00000e+00
 135.9000000       2.38180e-19       2.38180e-19       0.00000e+00
 136.0000000       2.62157e-19       2.62157e-19       0.00000e+00
 136.1000000       2.90482e-19       2.90482e-19       0.00000e+00
 136.2000000       3.25987e-19       3.25987e-19       0.00000e+00
 136.3000000       3.59427e-19       3.59427e-19       0.00000e+00
 136.4000000       3.97370e-19       3.97370e-19       0.00000e+00
 136.5000000       4.62563e-19       4.62563e-19       0.00000e+00
 136.6000000       5.11676e-19       5.11676e-19       0.00000e+00
 136.7000000       5.67579e-19       5.67579e-19       0.00000e+00
 136.8000000       6.40268e-19       6.40268e-19       0.00000e+00
 136.9000000       6.85976e-19       6.85976e-19       0.00000e+00
 137.0000000       7.42036e-19       7.42036e-19       0.00000e+00
 137.1000000       8.12179e-19       8.12179e-19       0.00000e+00
 137.2000000       8.55895e-19       8.55895e-19       0.00000e+00
 137.3000000       9.32419e-19       9.32419e-19       0.00000e+00
 137.4000000       1.02796e-18       1.02796e-18       0.00000e+00
 137.5000000       1.11071e-18       1.11071e-18       0.00000e+00
 137.6000000       1.19919e-18       1.19919e-18       0.00000e+00
 137.7000000       1.29831e-18       1.29831e-18       0.00000e+00
 137.8000000       1.37593e-18       1.37593e-18       0.00000e+00
 137.9000000       1.46817e-18       1.46817e-18       0.00000e+00
 138.0000000       1.56574e-18       1.56574e-18       0.00000e+00
 138.1000000       1.65494e-18       1.65494e-18       0.00000e+00
 138.2000000       1.74498e-18       1.74498e-18       0.00000e+00
 138.3000000       1.83142e-18       1.83142e-18       0.00000e+00
 138.4000000       1.94665e-18       1.94665e-18       0.00000e+00
 138.5000000       2.09840e-18       2.09840e-18       0.00000e+00
 138.6000000       2.22800e-18       2.22800e-18       0.00000e+00
 138.7000000       2.35728e-18       2.35728e-18       0.00000e+00
 138.8000000       2.50530e-18       2.50530e-18       0.00000e+00
 138.9000000       2.63334e-18       2.63334e-18       0.00000e+00
 139.0000000       2.76845e-18       2.76845e-18       0.00000e+00
 139.1000000       2.89819e-18       2.89819e-18       0.00000e+00
 139.2000000       3.02732e-18       3.02732e-18       0.00000e+00
 139.3000000       3.17535e-18       3.17535e-18       0.00000e+00
 139.4000000       3.30337e-18       3.30337e-18       0.00000e+00
 139.5000000       3.43328e-18       3.43328e-18       0.00000e+00
 139.6000000       3.56026e-18       3.56026e-18       0.00000e+00
 139.7000000       3.65665e-18       3.65665e-18       0.00000e+00
 139.8000000       3.75308e-18       3.75308e-18       0.00000e+00
 139.9000000       3.82951e-18       3.82951e-18       0.00000e+00
 140.0000000       3.89807e-18       3.89807e-18       0.00000e+00
 140.1000000       3.95929e-18       3.95929e-18       0.00000e+00
 140.2000000       3.99924e-18       3.99924e-18       0.00000e+00
 140.3000000       4.06265e-18       4.06265e-18       0.00000e+00
 140.4000000       4.10003e-18       4.10003e-18       0.00000e+00
 140.5000000       4.12118e-18       4.12118e-18       0.00000e+00
 140.6000000       4.12398e-18       4.12398e-18       0.00000e+00
 140.7000000       4.12133e-18       4.12133e-18       0.00000e+00
 140.8000000       4.11830e-18       4.11830e-18       0.00000e+00
 140.9000000       4.09668e-18       4.09668e-18       0.00000e+00
 141.0000000       4.05355e-18       4.05355e-18       0.00000e+00
 141.1000000       3.99112e-18       3.99112e-18       0.00000e+00
 141.2000000       3.92835e-18       3.92835e-18       0.00000e+00
 141.3000000       3.86877e-18       3.86877e-18       0.00000e+00
 141.4000000       3.81638e-18       3.81638e-18       0.00000e+00
 141.5000000       3.78029e-18       3.78029e-18       0.00000e+00
 141.6000000       3.72248e-18       3.72248e-18       0.00000e+00
 141.7000000       3.67824e-18       3.67824e-18       0.00000e+00
 141.8000000       3.63691e-18       3.63691e-18       0.00000e+00
 141.9000000       3.52162e-18       3.52162e-18       0.00000e+00
 142.0000000       3.40648e-18       3.40648e-18       0.00000e+00
 142.1000000       3.28415e-18       3.28415e-18       0.00000e+00
 142.2000000       3.18816e-18       3.18816e-18       0.00000e+00
 142.3000000       3.12658e-18       3.12658e-18       0.00000e+00
 142.4000000       3.08329e-18       3.08329e-18       0.00000e+00
 142.5000000       3.04249e-18       3.04249e-18       0.00000e+00
 142.6000000       2.98465e-18       2.98465e-18       0.00000e+00
 142.7000000       2.89596e-18       2.89596e-18       0.00000e+00
 142.8000000       2.77332e-18       2.77332e-18       0.00000e+00
 142.9000000       2.68049e-18       2.68049e-18       0.00000e+00
 143.0000000       2.58196e-18       2.58196e-18       0.00000e+00
 143.1000000       2.47744e-18       2.47744e-18       0.00000e+00
 143.2000000       2.41639e-18       2.41639e-18       0.00000e+00
 143.3000000       2.34567e-18       2.34567e-18       0.00000e+00
 143.4000000       2.25417e-18       2.25417e-18       0.00000e+00
 143.5000000       2.15910e-18       2.15910e-18       0.00000e+00
 143.6000000       2.09231e-18       2.09231e-18       0.00000e+00
 143.7000000       2.00161e-18       2.00161e-18       0.00000e+00
 143.8000000       1.92108e-18       1.92108e-18       0.00000e+00
 143.9000000       1.82998e-18       1.82998e-18       0.00000e+00
 144.0000000       1.73518e-18       1.73518e-18       0.00000e+00
 144.1000000       1.66901e-18       1.66901e-18       0.00000e+00
 144.2000000       1.58831e-18       1.58831e-18       0.00000e+00
 144.3000000       1.54137e-18       1.54137e-18       0.00000e+00
 144.4000000       1.48956e-18       1.48956e-18       0.00000e+00
 144.5000000       1.43263e-18       1.43263e-18       0.00000e+00
 144.6000000       1.37275e-18       1.37275e-18       0.00000e+00
 144.7000000       1.31297e-18       1.31297e-18       0.00000e+00
 144.8000000       1.23914e-18       1.23914e-18       0.00000e+00
 144.9000000       1.15326e-18       1.15326e-18       0.00000e+00
 145.0000000       1.09370e-18       1.09370e-18       0.00000e+00
 145.1000000       1.03422e-18       1.03422e-18       0.00000e+00
 145.2000000       9.82637e-19       9.82637e-19       0.00000e+00
 145.3000000       9.49478e-19       9.49478e-19       0.00000e+00
 145.4000000       9.02210e-19       9.02210e-19       0.00000e+00
 145.5000000       8.69040e-19       8.69040e-19       0.00000e+00
 145.6000000       8.19417e-19       8.19417e-19       0.00000e+00
 145.7000000       7.72518e-19       7.72518e-19       0.00000e+00
 145.8000000       7.39663e-19       7.39663e-19       0.00000e+00
 145.9000000       6.92627e-19       6.92627e-19       0.00000e+00
 146.0000000       6.64900e-19       6.64900e-19       0.00000e+00
 146.1000000       6.29163e-19       6.29163e-19       0.00000e+00
 146.2000000       6.04596e-19       6.04596e-19       0.00000e+00
 146.3000000       5.82556e-19       5.82556e-19       0.00000e+00
 146.4000000       5.64522e-19       5.64522e-19       0.00000e+00
 146.5000000       5.40523e-19       5.40523e-19       0.00000e+00
 146.6000000       5.10852e-19       5.10852e-19       0.00000e+00
 146.7000000       5.00390e-19       5.00390e-19       0.00000e+00
 146.8000000       4.96394e-19       4.96394e-19       0.00000e+00
 146.9000000       4.59742e-19       4.59742e-19       0.00000e+00
 147.0000000       4.22097e-19       4.22097e-19       0.00000e+00
 147.1000000       3.82615e-19       3.82615e-19       0.00000e+00
 147.2000000       3.46835e-19       3.46835e-19       0.00000e+00
 147.3000000       3.38628e-19       3.38628e-19       0.00000e+00
 147.4000000       3.34486e-19       3.34486e-19       0.00000e+00
 147.5000000       3.23634e-19       3.23634e-19       0.00000e+00
 147.6000000       3.08205e-19       3.08205e-19       0.00000e+00
 147.7000000       2.85134e-19       2.85134e-19       0.00000e+00
 147.8000000       2.71842e-19       2.71842e-19       0.00000e+00
 147.9000000       3.37275e-19       3.37275e-19       0.00000e+00
 148.0000000       2.98886e-19       2.98886e-19       0.00000e+00
 148.1000000       2.34972e-19       2.34972e-19       0.00000e+00
 148.2000000       2.45930e-19       2.45930e-19       0.00000e+00
 148.3000000       1.99085e-19       1.99085e-19       0.00000e+00
 148.4000000       2.07621e-19       2.07621e-19       0.00000e+00
 148.5000000       2.02387e-19       2.02387e-19       0.00000e+00
 148.6000000       1.95887e-19       1.95887e-19       0.00000e+00
 148.7000000       2.34324e-19       2.34324e-19       0.00000e+00
 148.8000000       3.11269e-19       3.11269e-19       0.00000e+00
 148.9000000       3.49757e-19       3.49757e-19       0.00000e+00
 149.0000000       2.78611e-19       2.78611e-19       0.00000e+00
 149.1000000       2.18801e-19       2.18801e-19       0.00000e+00
 149.2000000       1.80588e-19       1.80588e-19       0.00000e+00
 149.3000000       2.01974e-19       2.01974e-19       0.00000e+00
 149.4000000       2.57672e-19       2.57672e-19       0.00000e+00
 149.5000000       2.61977e-19       2.61977e-19       0.00000e+00
 149.6000000       2.18141e-19       2.18141e-19       0.00000e+00
 149.7000000       1.07045e-19       1.07045e-19       0.00000e+00
 149.8000000       8.86650e-20       8.86650e-20       0.00000e+00
 149.9000000       9.64644e-20       9.64644e-20       0.00000e+00
 150.0000000       1.28658e-19       1.28658e-19       0.00000e+00
 150.1000000       1.62923e-19       1.62923e-19       0.00000e+00
 150.2000000       1.84757e-19       1.84757e-19       0.00000e+00
 150.3000000       2.86422e-19       2.86422e-19       0.00000e+00
 150.4000000       1.83691e-19       1.83691e-19       0.00000e+00
 150.5000000       1.37333e-19       1.37333e-19       0.00000e+00
 150.6000000       1.53185e-19       1.53185e-19       0.00000e+00
 150.7000000       2.18512e-19       2.18512e-19       0.00000e+00
 150.8000000       2.03291e-19       2.03291e-19       0.00000e+00
 150.9000000       1.84846e-19       1.84846e-19       0.00000e+00
 151.0000000       1.60703e-19       1.60703e-19       0.00000e+00
 151.1000000       1.27369e-19       1.27369e-19       0.00000e+00
 151.2000000       7.76364e-20       7.76364e-20       0.00000e+00
 151.3000000       1.22967e-19       1.22967e-19       0.00000e+00
 151.4000000       2.08512e-19       2.08512e-19       0.00000e+00
 151.5000000       3.25554e-19       3.25554e-19       0.00000e+00
 151.6000000       4.58150e-19       4.58150e-19       0.00000e+00
 151.7000000       5.89723e-19       5.89723e-19       0.00000e+00
 151.8000000       5.50591e-19       5.50591e-19       0.00000e+00
 151.9000000       4.00387e-19       4.00387e-19       0.00000e+00
 152.0000000       2.71320e-19       2.71320e-19       0.00000e+00
 152.1000000       1.93501e-19       1.93501e-19       0.00000e+00
 152.2000000       1.33908e-19       1.33908e-19       0.00000e+00
 152.3000000       1.07731e-19       1.07731e-19       0.00000e+00
 152.4000000       8.95506e-20       8.95506e-20       0.00000e+00
 152.5000000       9.38554e-20       9.38554e-20       0.00000e+00
 152.6000000       1.21774e-19       1.21774e-19       0.00000e+00
 152.7000000       1.50122e-19       1.50122e-19       0.00000e+00
 152.8000000       1.88026e-19       1.88026e-19       0.00000e+00
 152.9000000       3.34618e-19       3.34618e-19       0.00000e+00
 153.0000000       4.85030e-19       4.85030e-19       0.00000e+00
 153.1000000       5.88910e-19       5.88910e-19       0.00000e+00
 153.2000000       5.79440e-19       5.79440e-19       0.00000e+00
 153.3000000       5.56642e-19       5.56642e-19       0.00000e+00
 153.4000000       5.18334e-19       5.18334e-19       0.00000e+00
 153.5000000       4.75355e-19       4.75355e-19       0.00000e+00
 153.6000000       4.82268e-19       4.82268e-19       0.00000e+00
 153.7000000       5.31268e-19       5.31268e-19       0.00000e+00
 153.8000000       6.35850e-19       6.35850e-19       0.00000e+00
 153.9000000       6.99574e-19       6.99574e-19       0.00000e+00
 154.0000000       5.00985e-19       5.00985e-19       0.00000e+00
 154.1000000       2.74791e-19       2.74791e-19       0.00000e+00
 154.2000000       1.56346e-19       1.56346e-19       0.00000e+00
 154.3000000       1.26362e-19       1.26362e-19       0.00000e+00
 154.4000000       1.16850e-19       1.16850e-19       0.00000e+00
 154.5000000       1.67108e-19       1.67108e-19       0.00000e+00
 154.6000000       3.30559e-19       3.30559e-19       0.00000e+00
 154.7000000       5.42911e-19       5.42911e-19       0.00000e+00
 154.8000000       7.99641e-19       7.99641e-19       0.00000e+00
 154.9000000       1.23153e-18       1.23153e-18       0.00000e+00
 155.0000000       1.53546e-18       1.53546e-18       0.00000e+00
 155.1000000       1.32845e-18       1.32845e-18       0.00000e+00
 155.2000000       7.59186e-19       7.59186e-19       0.00000e+00
 155.3000000       4.79049e-19       4.79049e-19       0.00000e+00
 155.4000000       4.41027e-19       4.41027e-19       0.00000e+00
 155.5000000       5.52707e-19       5.52707e-19       0.00000e+00
 155.6000000       9.55521e-19       9.55521e-19       0.00000e+00
 155.7000000       1.56575e-18       1.56575e-18       0.00000e+00
 155.8000000       1.14060e-18       1.14060e-18       0.00000e+00
 155.9000000       4.67044e-19       4.67044e-19       0.00000e+00
 156.0000000       3.16563e-19       3.16563e-19       0.00000e+00
 156.1000000       2.85262e-19       2.85262e-19       0.00000e+00
 156.2000000       2.37078e-19       2.37078e-19       0.00000e+00
 156.3000000       1.45713e-19       1.45713e-19       0.00000e+00
 156.4000000       1.14013e-19       1.14013e-19       0.00000e+00
 156.5000000       1.76102e-19       1.76102e-19       0.00000e+00
 156.6000000       2.42331e-19       2.42331e-19       0.00000e+00
 156.7000000       3.23233e-19       3.23233e-19       0.00000e+00
 156.8000000       5.24775e-19       5.24775e-19       0.00000e+00
 156.9000000       8.21036e-19       8.21036e-19       0.00000e+00
 157.0000000       6.89721e-19       6.89721e-19       0.00000e+00
 157.1000000       3.10064e-18       3.10064e-18       0.00000e+00
 157.2000000       1.21892e-18       1.21892e-18       0.00000e+00
 157.3000000       1.11451e-18       1.11451e-18       0.00000e+00
 157.4000000       9.22465e-19       9.22465e-19       0.00000e+00
 157.5000000       8.59379e-19       8.59379e-19       0.00000e+00
 157.6000000       9.92759e-19       9.92759e-19       0.00000e+00
 157.7000000       1.12320e-18       1.12320e-18       0.00000e+00
 157.8000000       1.43168e-18       1.43168e-18       0.00000e+00
 157.9000000       2.41621e-18       2.41621e-18       0.00000e+00
 158.0000000       4.97179e-18       4.97179e-18       0.00000e+00
 158.1000000       6.46901e-18       6.46901e-18       0.00000e+00
 158.2000000       2.17519e-18       2.17519e-18       0.00000e+00
 158.3000000       1.66118e-18       1.66118e-18       0.00000e+00
 158.4000000       1.86639e-18       1.86639e-18       0.00000e+00
 158.5000000       2.21224e-18       2.21224e-18       0.00000e+00
 158.6000000       2.67568e-18       2.67568e-18       0.00000e+00
 158.7000000       3.59161e-18       3.59161e-18       0.00000e+00
 158.8000000       5.08884e-18       5.08884e-18       0.00000e+00
 158.9000000       6.03682e-18       6.03682e-18       0.00000e+00
 159.0000000       5.79598e-18       5.79598e-18       0.00000e+00
 159.1000000       5.46070e-18       5.46070e-18       0.00000e+00
 159.2000000       5.50472e-18       5.50472e-18       0.00000e+00
 159.3000000       5.67553e-18       5.67553e-18       0.00000e+00
 159.4000000       5.67542e-18       5.67542e-18       0.00000e+00
 159.5000000       5.50106e-18       5.50106e-18       0.00000e+00
 159.6000000       9.14269e-18       9.14269e-18       0.00000e+00
 159.7000000       1.71631e-17       1.71631e-17       0.00000e+00
 159.8000000       1.28062e-17       1.28062e-17       0.00000e+00
 159.9000000       7.73061e-18       7.73061e-18       0.00000e+00
 160.0000000       6.99164e-18       6.99164e-18       0.00000e+00
 160.1000000       6.93194e-18       6.93194e-18       0.00000e+00
 160.2000000       7.08335e-18       7.08335e-18       0.00000e+00
 160.3000000       7.76994e-18       7.76994e-18       0.00000e+00
 160.4000000       8.71815e-18       8.71815e-18       0.00000e+00
 160.5000000       9.02174e-18       9.02174e-18       0.00000e+00
 160.6000000       8.82657e-18       8.82657e-18       0.00000e+00
 160.7000000       8.80640e-18       8.80640e-18       0.00000e+00
 160.8000000       9.16041e-18       9.16041e-18       0.00000e+00
 160.9000000       1.00849e-17       1.00849e-17       0.00000e+00
 161.0000000       1.31039e-17       1.31039e-17       0.00000e+00
 161.1000000       1.73460e-17       1.73460e-17       0.00000e+00
 161.2000000       1.70883e-17       1.70883e-17       0.00000e+00
 161.3000000       1.25981e-17       1.25981e-17       0.00000e+00
 161.4000000       9.15090e-18       9.15090e-18       0.00000e+00
 161.5000000       8.13956e-18       8.13956e-18       0.00000e+00
 161.6000000       7.83934e-18       7.83934e-18       0.00000e+00
 161.7000000       8.22237e-18       8.22237e-18       0.00000e+00
 161.8000000       9.92727e-18       9.92727e-18       0.00000e+00
 161.9000000       1.21188e-17       1.21188e-17       0.00000e+00
 162.0000000       7.68993e-18       7.68993e-18       0.00000e+00
 162.1000000       5.77793e-18       5.77793e-18       0.00000e+00
 162.2000000       5.33982e-18       5.33982e-18       0.00000e+00
 162.3000000       5.06563e-18       5.06563e-18       0.00000e+00
 162.4000000       4.90604e-18       4.90604e-18       0.00000e+00
 162.5000000       5.23144e-18       5.23144e-18       0.00000e+00
 162.6000000       7.50515e-18       7.50515e-18       0.00000e+00
 162.7000000       9.47274e-18       9.47274e-18       0.00000e+00
 162.8000000       7.20537e-18       7.20537e-18       0.00000e+00
 162.9000000       6.35582e-18       6.35582e-18       0.00000e+00
 163.0000000       6.72160e-18       6.72160e-18       0.00000e+00
 163.1000000       8.58803e-18       8.58803e-18       0.00000e+00
 163.2000000       1.67646e-17       1.67646e-17       0.00000e+00
 163.3000000       2.00930e-17       2.00930e-17       0.00000e+00
 163.4000000       8.21154e-18       8.21154e-18       0.00000e+00
 163.5000000       4.64412e-18       4.64412e-18       0.00000e+00
 163.6000000       4.29337e-18       4.29337e-18       0.00000e+00
 163.7000000       4.29351e-18       4.29351e-18       0.00000e+00
 163.8000000       4.29365e-18       4.29365e-18       0.00000e+00
 163.9000000       4.29405e-18       4.29405e-18       0.00000e+00
 164.0000000       4.37586e-18       4.37586e-18       0.00000e+00
 164.1000000       4.52289e-18       4.52289e-18       0.00000e+00
 164.2000000       4.56103e-18       4.56103e-18       0.00000e+00
 164.3000000       4.64220e-18       4.64220e-18       0.00000e+00
 164.4000000       4.94380e-18       4.94380e-18       0.00000e+00
 164.5000000       5.35455e-18       5.35455e-18       0.00000e+00
 164.6000000       5.77673e-18       5.77673e-18       0.00000e+00
 164.7000000       1.15799e-17       1.15799e-17       0.00000e+00
 164.8000000       4.84383e-17       4.84383e-17       0.00000e+00
 164.9000000       1.67497e-17       1.67497e-17       0.00000e+00
 165.0000000       9.40544e-18       9.40544e-18       0.00000e+00
 165.1000000       9.65022e-18       9.65022e-18       0.00000e+00
 165.2000000       1.01982e-17       1.01982e-17       0.00000e+00
 165.3000000       1.35813e-17       1.35813e-17       0.00000e+00
 165.4000000       2.59524e-17       2.59524e-17       0.00000e+00
 165.5000000       9.37185e-17       9.37185e-17       0.00000e+00
 165.6000000       3.45621e-17       3.45621e-17       0.00000e+00
 165.7000000       1.63650e-17       1.63650e-17       0.00000e+00
 165.8000000       1.59630e-17       1.59630e-17       0.00000e+00
 165.9000000       1.64081e-17       1.64081e-17       0.00000e+00
 166.0000000       1.77544e-17       1.77544e-17       0.00000e+00
 166.1000000       2.03947e-17       2.03947e-17       0.00000e+00
 166.2000000       2.34744e-17       2.34744e-17       0.00000e+00
 166.3000000       2.83207e-17       2.83207e-17       0.00000e+00
 166.4000000       3.61236e-17       3.61236e-17       0.00000e+00
 166.5000000       4.80824e-17       4.80824e-17       0.00000e+00
 166.6000000       6.81514e-17       6.81514e-17       0.00000e+00
 166.7000000       1.07815e-16       1.07815e-16       0.00000e+00
 166.8000000       1.85851e-16       1.85851e-16       0.00000e+00
 166.9000000       2.55938e-16       2.55938e-16       0.00000e+00
 167.0000000       2.34815e-16       2.34815e-16       0.00000e+00
 167.1000000       3.11102e-16       3.11102e-16       0.00000e+00
 167.2000000       1.52419e-16       1.52419e-16       0.00000e+00
 167.3000000       6.06723e-17       6.06723e-17       0.00000e+00
 167.4000000       3.80029e-17       3.80029e-17       0.00000e+00
 167.5000000       2.58753e-17       2.58753e-17       0.00000e+00
 167.6000000       1.86113e-17       1.86113e-17       0.00000e+00
 167.7000000       1.35917e-17       1.35917e-17       0.00000e+00
 167.8000000       1.07537e-17       1.07537e-17       0.00000e+00
 167.9000000       9.08328e-18       9.08328e-18       0.00000e+00
 168.0000000       7.92129e-18       7.92129e-18       0.00000e+00
 168.1000000       7.27166e-18       7.27166e-18       0.00000e+00
 168.2000000       6.86491e-18       6.86491e-18       0.00000e+00
 168.3000000       6.73339e-18       6.73339e-18       0.00000e+00
 168.4000000       7.27348e-18       7.27348e-18       0.00000e+00
 168.5000000       8.23569e-18       8.23569e-18       0.00000e+00
 168.6000000       9.78860e-18       9.78860e-18       0.00000e+00
 168.7000000       1.25599e-17       1.25599e-17       0.00000e+00
 168.8000000       2.26223e-17       2.26223e-17       0.00000e+00
 168.9000000       5.17715e-17       5.17715e-17       0.00000e+00
 169.0000000       2.17419e-16       2.17419e-16       0.00000e+00
 169.1000000       3.39341e-17       3.39341e-17       0.00000e+00
 169.2000000       1.38120e-17       1.38120e-17       0.00000e+00
 169.3000000       9.65757e-18       9.65757e-18       0.00000e+00
 169.4000000       7.67374e-18       7.67374e-18       0.00000e+00
 169.5000000       6.86614e-18       6.86614e-18       0.00000e+00
 169.6000000       6.12479e-18       6.12479e-18       0.00000e+00
 169.7000000       5.78932e-18       5.78932e-18       0.00000e+00
 169.8000000       5.53286e-18       5.53286e-18       0.00000e+00
 169.9000000       5.30382e-18       5.30382e-18       0.00000e+00
 170.0000000       5.36399e-18       5.36399e-18       0.00000e+00
 170.1000000       5.50321e-18       5.50321e-18       0.00000e+00
 170.2000000       5.68881e-18       5.68881e-18       0.00000e+00
 170.3000000       6.08296e-18       6.08296e-18       0.00000e+00
 170.4000000       6.50299e-18       6.50299e-18       0.00000e+00
 170.5000000       7.35917e-18       7.35917e-18       0.00000e+00
 170.6000000       9.20635e-18       9.20635e-18       0.00000e+00
 170.7000000       1.18407e-17       1.18407e-17       0.00000e+00
 170.8000000       1.98141e-17       1.98141e-17       0.00000e+00
 170.9000000       7.67729e-17       7.67729e-17       0.00000e+00
 171.0000000       1.63527e-16       1.63527e-16       0.00000e+00
 171.1000000       1.66228e-17       1.66228e-17       0.00000e+00
 171.2000000       7.49288e-18       7.49288e-18       0.00000e+00
 171.3000000       5.06649e-18       5.06649e-18       0.00000e+00
 171.4000000       3.58057e-18       3.58057e-18       0.00000e+00
 171.5000000       2.64113e-18       2.64113e-18       0.00000e+00
 171.6000000       1.72689e-18       1.72689e-18       0.00000e+00
 171.7000000       9.81181e-19       9.81181e-19       0.00000e+00
 171.8000000       2.95698e-19       2.95698e-19       0.00000e+00
 171.9000000       2.02141e-19       2.02141e-19       0.00000e+00
 172.0000000       3.55635e-19       3.55635e-19       0.00000e+00
 172.1000000       6.02802e-19       6.02802e-19       0.00000e+00
 172.2000000       1.11477e-18       1.11477e-18       0.00000e+00
 172.3000000       1.68801e-18       1.68801e-18       0.00000e+00
 172.4000000       2.55659e-18       2.55659e-18       0.00000e+00
 172.5000000       3.47990e-18       3.47990e-18       0.00000e+00
 172.6000000       4.84387e-18       4.84387e-18       0.00000e+00
 172.7000000       7.01476e-18       7.01476e-18       0.00000e+00
 172.8000000       1.21694e-17       1.21694e-17       0.00000e+00
 172.9000000       3.01045e-17       3.01045e-17       0.00000e+00
 173.0000000       1.46673e-16       1.46673e-16       0.00000e+00
 173.1000000       9.88749e-17       9.88749e-17       0.00000e+00
 173.2000000       1.42656e-17       1.42656e-17       0.00000e+00
 173.3000000       1.02248e-17       1.02248e-17       0.00000e+00
 173.4000000       7.94967e-18       7.94967e-18       0.00000e+00
 173.5000000       6.88684e-18       6.88684e-18       0.00000e+00
 173.6000000       5.99636e-18       5.99636e-18       0.00000e+00
 173.7000000       5.69440e-18       5.69440e-18       0.00000e+00
 173.8000000       5.44973e-18       5.44973e-18       0.00000e+00
 173.9000000       5.24271e-18       5.24271e-18       0.00000e+00
 174.0000000       5.41195e-18       5.41195e-18       0.00000e+00
 174.1000000       5.67955e-18       5.67955e-18       0.00000e+00
 174.2000000       5.95055e-18       5.95055e-18       0.00000e+00
 174.3000000       6.26434e-18       6.26434e-18       0.00000e+00
 174.4000000       7.52307e-18       7.52307e-18       0.00000e+00
 174.5000000       1.06106e-17       1.06106e-17       0.00000e+00
 174.6000000       1.71696e-17       1.71696e-17       0.00000e+00
 174.7000000       7.02842e-17       7.02842e-17       0.00000e+00
 174.8000000       1.11681e-16       1.11681e-16       0.00000e+00
 174.9000000       1.82821e-17       1.82821e-17       0.00000e+00
 175.0000000       7.36157e-18       7.36157e-18       0.00000e+00
 175.1000000       5.11286e-18       5.11286e-18       0.00000e+00
 175.2000000       3.56033e-18       3.56033e-18       0.00000e+00
 175.3000000       2.76181e-18       2.76181e-18       0.00000e+00
 175.4000000       2.22972e-18       2.22972e-18       0.00000e+00
 175.5000000       1.71931e-18       1.71931e-18       0.00000e+00
 175.6000000       1.50381e-18       1.50381e-18       0.00000e+00
 175.7000000       1.38324e-18       1.38324e-18       0.00000e+00
 175.8000000       1.26248e-18       1.26248e-18       0.00000e+00
 175.9000000       9.01202e-19       9.01202e-19       0.00000e+00
 176.0000000       3.07581e-19       3.07581e-19       0.00000e+00
 176.1000000       1.68778e-19       1.68778e-19       0.00000e+00
 176.2000000       4.62490e-19       4.62490e-19       0.00000e+00
 176.3000000       7.50204e-19       7.50204e-19       0.00000e+00
 176.4000000       9.66427e-19       9.66427e-19       0.00000e+00
 176.5000000       3.96504e-18       3.96504e-18       0.00000e+00
 176.6000000       2.58370e-17       2.58370e-17       0.00000e+00
 176.7000000       1.25827e-17       1.25827e-17       0.00000e+00
 176.8000000       4.05086e-19       4.05086e-19       0.00000e+00
 176.9000000       2.59375e-19       2.59375e-19       0.00000e+00
 177.0000000       7.67532e-22       7.67532e-22       0.00000e+00
 177.1000000       7.30068e-22       7.30068e-22       0.00000e+00
 177.2000000       6.92604e-22       6.92604e-22       0.00000e+00
 177.3000000       6.55140e-22       6.55140e-22       0.00000e+00
 177.4000000       6.18728e-22       6.18728e-22       0.00000e+00
 177.5000000       5.87270e-22       5.87270e-22       0.00000e+00
 177.6000000       5.56508e-22       5.56508e-22       0.00000e+00
 177.7000000       5.25862e-22       5.25862e-22       0.00000e+00
 177.8000000       4.98077e-22       4.98077e-22       0.00000e+00
 177.9000000       4.74889e-22       4.74889e-22       0.00000e+00
 178.0000000       4.49304e-22       4.49304e-22       0.00000e+00
 178.1000000       4.03433e-22       4.03433e-22       0.00000e+00
 178.2000000       3.63601e-22       3.63601e-22       0.00000e+00
 178.3000000       3.29576e-22       3.29576e-22       0.00000e+00
 178.4000000       2.98149e-22       2.98149e-22       0.00000e+00
 178.5000000       2.68417e-22       2.68417e-22       0.00000e+00
 178.6000000       2.44318e-22       2.44318e-22       0.00000e+00
 178.7000000       2.21185e-22       2.21185e-22       0.00000e+00
 178.8000000       1.94021e-22       1.94021e-22       0.00000e+00
 178.9000000       1.63695e-22       1.63695e-22       0.00000e+00
 179.0000000       1.44413e-22       1.44413e-22       0.00000e+00
 179.1000000       1.30688e-22       1.30688e-22       0.00000e+00
 179.2000000       1.16963e-22       1.16963e-22       0.00000e+00
 179.3000000       1.02034e-22       1.02034e-22       0.00000e+00
 179.4000000       8.07539e-23       8.07539e-23       0.00000e+00
 179.5000000       5.85257e-23       5.85257e-23       0.00000e+00
 179.6000000       3.62975e-23       3.62975e-23       0.00000e+00
 179.7000000       3.94618e-23       3.94618e-23       0.00000e+00
 179.8000000       7.74693e-23       7.74693e-23       0.00000e+00
 179.9000000       8.68883e-23       8.68883e-23       0.00000e+00
 180.0000000       9.38995e-23       9.38995e-23       0.00000e+00
 180.1000000       1.00858e-22       1.00858e-22       0.00000e+00
 180.2000000       8.04871e-23       8.04871e-23       0.00000e+00
 180.3000000       3.91778e-23       3.91778e-23       0.00000e+00
 180.4000000       1.22434e-23       1.22434e-23       0.00000e+00
 180.5000000       8.26603e-24       8.26603e-24       0.00000e+00
 180.6000000       7.39708e-24       7.39708e-24       0.00000e+00
 180.7000000       6.52814e-24       6.52814e-24       0.00000e+00
 180.8000000       5.65919e-24       5.65919e-24       0.00000e+00
 180.9000000       4.79024e-24       4.79024e-24       0.00000e+00
 181.0000000       5.83794e-24       5.83794e-24       0.00000e+00
 181.1000000       1.97263e-23       1.97263e-23       0.00000e+00
 181.2000000       3.60470e-23       3.60470e-23       0.00000e+00
 181.3000000       5.23676e-23       5.23676e-23       0.00000e+00
 181.4000000       6.86883e-23       6.86883e-23       0.00000e+00
 181.5000000       8.50128e-23       8.50128e-23       0.00000e+00
 181.6000000       1.02690e-22       1.02690e-22       0.00000e+00
 181.7000000       1.21578e-22       1.21578e-22       0.00000e+00
 181.8000000       1.40471e-22       1.40471e-22       0.00000e+00
 181.9000000       1.65856e-22       1.65856e-22       0.00000e+00
 182.0000000       1.97496e-22       1.97496e-22       0.00000e+00
 182.1000000       2.29135e-22       2.29135e-22       0.00000e+00
 182.2000000       2.59871e-22       2.59871e-22       0.00000e+00
 182.3000000       2.82680e-22       2.82680e-22       0.00000e+00
 182.4000000       3.03624e-22       3.03624e-22       0.00000e+00
 182.5000000       3.31534e-22       3.31534e-22       0.00000e+00
 182.6000000       3.67006e-22       3.67006e-22       0.00000e+00
 182.7000000       4.14225e-22       4.14225e-22       0.00000e+00
 182.8000000       4.67351e-22       4.67351e-22       0.00000e+00
 182.9000000       5.18026e-22       5.18026e-22       0.00000e+00
 183.0000000       5.63836e-22       5.63836e-22       0.00000e+00
 183.1000000       6.13304e-22       6.13304e-22       0.00000e+00
 183.2000000       6.68870e-22       6.68870e-22       0.00000e+00
 183.3000000       7.29099e-22       7.29099e-22       0.00000e+00
 183.4000000       7.85333e-22       7.85333e-22       0.00000e+00
 183.5000000       8.30566e-22       8.30566e-22       0.00000e+00
 183.6000000       8.62654e-22       8.62654e-22       0.00000e+00
 183.7000000       9.29854e-22       9.29854e-22       0.00000e+00
 183.8000000       9.90635e-22       9.90635e-22       0.00000e+00
 183.9000000       1.03981e-21       1.03981e-21       0.00000e+00
 184.0000000       1.09063e-21       1.09063e-21       0.00000e+00
 184.1000000       1.14633e-21       1.14633e-21       0.00000e+00
 184.2000000       1.20603e-21       1.20603e-21       0.00000e+00
 184.3000000       1.26579e-21       1.26579e-21       0.00000e+00
 184.4000000       1.32555e-21       1.32555e-21       0.00000e+00
 184.5000000       1.38525e-21       1.38525e-21       0.00000e+00
 184.6000000       1.44067e-21       1.44067e-21       0.00000e+00
 184.7000000       1.49130e-21       1.49130e-21       0.00000e+00
 184.8000000       1.55439e-21       1.55439e-21       0.00000e+00
 184.9000000       1.62531e-21       1.62531e-21       0.00000e+00
 185.0000000       1.67844e-21       1.67844e-21       0.00000e+00
 185.1000000       1.72991e-21       1.72991e-21       0.00000e+00
 185.2000000       1.78722e-21       1.78722e-21       0.00000e+00
 185.3000000       1.88510e-21       1.88510e-21       0.00000e+00
 185.4000000       1.94829e-21       1.94829e-21       0.00000e+00
 185.5000000       2.00145e-21       2.00145e-21       0.00000e+00
 185.6000000       2.08222e-21       2.08222e-21       0.00000e+00
 185.7000000       2.16217e-21       2.16217e-21       0.00000e+00
 185.8000000       2.19140e-21       2.19140e-21       0.00000e+00
 185.9000000       2.26262e-21       2.26262e-21       0.00000e+00
 186.0000000       2.37515e-21       2.37515e-21       0.00000e+00
 186.1000000       2.47016e-21       2.47016e-21       0.00000e+00
 186.2000000       2.52106e-21       2.52106e-21       0.00000e+00
 186.3000000       2.57609e-21       2.57609e-21       0.00000e+00
 186.4000000       2.67017e-21       2.67017e-21       0.00000e+00
 186.5000000       2.74392e-21       2.74392e-21       0.00000e+00
 186.6000000       2.79685e-21       2.79685e-21       0.00000e+00
 186.7000000       2.86446e-21       2.86446e-21       0.00000e+00
 186.8000000       2.93130e-21       2.93130e-21       0.00000e+00
 186.9000000       2.98142e-21       2.98142e-21       0.00000e+00
 187.0000000       3.05043e-21       3.05043e-21       0.00000e+00
 187.1000000       3.11971e-21       3.11971e-21       0.00000e+00
 187.2000000       3.16996e-21       3.16996e-21       0.00000e+00
 187.3000000       3.21945e-21       3.21945e-21       0.00000e+00
 187.4000000       3.27226e-21       3.27226e-21       0.00000e+00
 187.5000000       3.32518e-21       3.32518e-21       0.00000e+00
 187.6000000       3.37827e-21       3.37827e-21       0.00000e+00
 187.7000000       3.43138e-21       3.43138e-21       0.00000e+00
 187.8000000       3.48144e-21       3.48144e-21       0.00000e+00
 187.9000000       3.54792e-21       3.54792e-21       0.00000e+00
 188.0000000       3.59982e-21       3.59982e-21       0.00000e+00
 188.1000000       3.63351e-21       3.63351e-21       0.00000e+00
 188.2000000       3.68528e-21       3.68528e-21       0.00000e+00
 188.3000000       3.76090e-21       3.76090e-21       0.00000e+00
 188.4000000       3.79639e-21       3.79639e-21       0.00000e+00
 188.5000000       3.84233e-21       3.84233e-21       0.00000e+00
 188.6000000       3.90766e-21       3.90766e-21       0.00000e+00
 188.7000000       3.96109e-21       3.96109e-21       0.00000e+00
 188.8000000       4.01076e-21       4.01076e-21       0.00000e+00
 188.9000000       4.06090e-21       4.06090e-21       0.00000e+00
 189.0000000       4.11000e-21       4.11000e-21       0.00000e+00
 189.1000000       4.13721e-21       4.13721e-21       0.00000e+00
 189.2000000       4.16092e-21       4.16092e-21       0.00000e+00
 189.3000000       4.19141e-21       4.19141e-21       0.00000e+00
 189.4000000       4.22623e-21       4.22623e-21       0.00000e+00
 189.5000000       4.25596e-21       4.25596e-21       0.00000e+00
 189.6000000       4.28285e-21       4.28285e-21       0.00000e+00
 189.7000000       4.30298e-21       4.30298e-21       0.00000e+00
 189.8000000       4.32193e-21       4.32193e-21       0.00000e+00
 189.9000000       4.33869e-21       4.33869e-21       0.00000e+00
 190.0000000       4.34133e-21       4.34133e-21       0.00000e+00
 190.1000000       4.34141e-21       4.34141e-21       0.00000e+00
 190.2000000       4.34148e-21       4.34148e-21       0.00000e+00
 190.3000000       4.34155e-21       4.34155e-21       0.00000e+00
 190.4000000       4.33855e-21       4.33855e-21       0.00000e+00
 190.5000000       4.32338e-21       4.32338e-21       0.00000e+00
 190.6000000       4.30695e-21       4.30695e-21       0.00000e+00
 190.7000000       4.28599e-21       4.28599e-21       0.00000e+00
 190.8000000       4.24354e-21       4.24354e-21       0.00000e+00
 190.9000000       4.20669e-21       4.20669e-21       0.00000e+00
 191.0000000       4.17076e-21       4.17076e-21       0.00000e+00
 191.1000000       4.12122e-21       4.12122e-21       0.00000e+00
 191.2000000       4.04803e-21       4.04803e-21       0.00000e+00
 191.3000000       3.98468e-21       3.98468e-21       0.00000e+00
 191.4000000       3.92334e-21       3.92334e-21       0.00000e+00
 191.5000000       3.83510e-21       3.83510e-21       0.00000e+00
 191.6000000       3.71124e-21       3.71124e-21       0.00000e+00
 191.7000000       3.58381e-21       3.58381e-21       0.00000e+00
 191.8000000       3.45638e-21       3.45638e-21       0.00000e+00
 191.9000000       3.32895e-21       3.32895e-21       0.00000e+00
 192.0000000       3.20153e-21       3.20153e-21       0.00000e+00
 192.1000000       3.07410e-21       3.07410e-21       0.00000e+00
 192.2000000       2.94667e-21       2.94667e-21       0.00000e+00
 192.3000000       2.81924e-21       2.81924e-21       0.00000e+00
 192.4000000       2.69182e-21       2.69182e-21       0.00000e+00
 192.5000000       2.56562e-21       2.56562e-21       0.00000e+00
 192.6000000       2.46982e-21       2.46982e-21       0.00000e+00
 192.7000000       2.40755e-21       2.40755e-21       0.00000e+00
 192.8000000       2.28140e-21       2.28140e-21       0.00000e+00
 192.9000000       2.13527e-21       2.13527e-21       0.00000e+00
 193.0000000       1.98173e-21       1.98173e-21       0.00000e+00
 193.1000000       1.85869e-21       1.85869e-21       0.00000e+00
 193.2000000       1.73565e-21       1.73565e-21       0.00000e+00
 193.3000000       1.61262e-21       1.61262e-21       0.00000e+00
 193.4000000       1.48958e-21       1.48958e-21       0.00000e+00
 193.5000000       1.36654e-21       1.36654e-21       0.00000e+00
 193.6000000       1.24350e-21       1.24350e-21       0.00000e+00
 193.7000000       1.12046e-21       1.12046e-21       0.00000e+00
 193.8000000       9.97423e-22       9.97423e-22       0.00000e+00
 193.9000000       8.74384e-22       8.74384e-22       0.00000e+00
 194.0000000       7.56406e-22       7.56406e-22       0.00000e+00
 194.1000000       6.70411e-22       6.70411e-22       0.00000e+00
 194.2000000       5.99868e-22       5.99868e-22       0.00000e+00
 194.3000000       5.41955e-22       5.41955e-22       0.00000e+00
 194.4000000       4.70215e-22       4.70215e-22       0.00000e+00
 194.5000000       3.82189e-22       3.82189e-22       0.00000e+00
 194.6000000       3.33232e-22       3.33232e-22       0.00000e+00
 194.7000000       2.86560e-22       2.86560e-22       0.00000e+00
 194.8000000       2.12271e-22       2.12271e-22       0.00000e+00
 194.9000000       1.56863e-22       1.56863e-22       0.00000e+00
 195.0000000       1.13610e-22       1.13610e-22       0.00000e+00
 195.1000000       7.46344e-23       7.46344e-23       0.00000e+00
 195.2000000       4.89065e-23       4.89065e-23       0.00000e+00
 195.3000000       2.58002e-23       2.58002e-23       0.00000e+00
 195.4000000       1.39696e-23       1.39696e-23       0.00000e+00
 195.5000000       1.30049e-23       1.30049e-23       0.00000e+00
 195.6000000       1.20403e-23       1.20403e-23       0.00000e+00
 195.7000000       1.10756e-23       1.10756e-23       0.00000e+00
 195.8000000       1.01109e-23       1.01109e-23       0.00000e+00
 195.9000000       9.14623e-24       9.14624e-24       0.00000e+00
 196.0000000       8.63167e-24       8.63167e-24       0.00000e+00
 196.1000000       8.70167e-24       8.70167e-24       0.00000e+00
 196.2000000       8.77531e-24       8.77531e-24       0.00000e+00
 196.3000000       8.84895e-24       8.84895e-24       0.00000e+00
 196.4000000       8.92259e-24       8.92259e-24       0.00000e+00
 196.5000000       8.99623e-24       8.99623e-24       0.00000e+00
 196.6000000       9.06988e-24       9.06987e-24       0.00000e+00
 196.7000000       9.14352e-24       9.14351e-24       0.00000e+00
 196.8000000       9.21715e-24       9.21715e-24       0.00000e+00
 196.9000000       9.29079e-24       9.29079e-24       0.00000e+00
 197.0000000       9.36443e-24       9.36443e-24       0.00000e+00
 197.1000000       9.43807e-24       9.43807e-24       0.00000e+00
 197.2000000       9.16837e-24       9.16838e-24       0.00000e+00
 197.3000000       8.11967e-24       8.11967e-24       0.00000e+00
 197.4000000       7.03923e-24       7.03923e-24       0.00000e+00
 197.5000000       5.95879e-24       5.95879e-24       0.00000e+00
 197.6000000       4.87835e-24       4.87835e-24       0.00000e+00
 197.7000000       3.84984e-24       3.84984e-24       0.00000e+00
 197.8000000       3.64073e-24       3.64073e-24       0.00000e+00
 197.9000000       3.71437e-24       3.71437e-24       0.00000e+00
 198.0000000       3.78801e-24       3.78801e-24       0.00000e+00
 198.1000000       3.86165e-24       3.86165e-24       0.00000e+00
 198.2000000       3.93529e-24       3.93529e-24       0.00000e+00
 198.3000000       4.00893e-24       4.00893e-24       0.00000e+00
 198.4000000       4.08257e-24       4.08257e-24       0.00000e+00
 198.5000000       4.15621e-24       4.15621e-24       0.00000e+00
 198.6000000       4.22985e-24       4.22985e-24       0.00000e+00
 198.7000000       4.30349e-24       4.30349e-24       0.00000e+00
 198.8000000       4.37713e-24       4.37713e-24       0.00000e+00
 198.9000000       4.44437e-24       4.44437e-24       0.00000e+00
 199.0000000       4.15209e-24       4.15209e-24       0.00000e+00
 199.1000000       3.64398e-24       3.64398e-24       0.00000e+00
 199.2000000       3.13586e-24       3.13586e-24       0.00000e+00
 199.3000000       2.62775e-24       2.62775e-24       0.00000e+00
 199.4000000       2.11964e-24       2.11964e-24       0.00000e+00
 199.5000000       1.54365e-24       1.54366e-24       0.00000e+00
 199.6000000       0.00000e+00       0.00000e+00       0.00000e+00
 199.7000000       0.00000e+00       0.00000e+00       0.00000e+00
 199.8000000       0.00000e+00       0.00000e+00       0.00000e+00
 199.9000000       0.00000e+00       0.00000e+00       0.00000e+00
