# _____________________________________________________________________
#
# logT   N I      N II     N III   N IV      N V      N VI     N VII
# _____________________________________________________________________
#
 1.0  3.06E-11 1.61E-10 3.65E-10 6.50E-10 9.71E-10 1.53E-09 2.20E-09
 1.1  2.66E-11 1.41E-10 3.20E-10 5.71E-10 8.54E-10 1.35E-09 1.94E-09
 1.2  2.31E-11 1.23E-10 2.81E-10 5.02E-10 7.49E-10 1.19E-09 1.71E-09
 1.3  2.01E-11 1.08E-10 2.46E-10 4.40E-10 6.58E-10 1.05E-09 1.51E-09
 1.4  1.75E-11 9.43E-11 2.15E-10 3.86E-10 5.77E-10 9.21E-10 1.33E-09
 1.5  1.52E-11 8.24E-11 1.88E-10 3.38E-10 5.06E-10 8.09E-10 1.17E-09
 1.6  1.32E-11 7.20E-11 1.65E-10 2.96E-10 4.43E-10 7.10E-10 1.03E-09
 1.7  1.14E-11 6.29E-11 1.44E-10 2.59E-10 3.87E-10 6.23E-10 9.02E-10
 1.8  9.87E-12 5.49E-11 1.26E-10 2.26E-10 3.38E-10 5.46E-10 7.94E-10
 1.9  8.54E-12 4.80E-11 1.10E-10 1.98E-10 2.96E-10 4.78E-10 6.95E-10
 2.0  7.38E-12 4.18E-11 9.59E-11 1.73E-10 2.58E-10 4.18E-10 6.10E-10
 2.1  6.38E-12 3.64E-11 8.36E-11 1.51E-10 2.25E-10 3.66E-10 5.34E-10
 2.2  5.50E-12 3.17E-11 7.29E-11 1.31E-10 1.96E-10 3.20E-10 4.68E-10
 2.3  4.75E-12 2.77E-11 6.36E-11 1.15E-10 1.71E-10 2.79E-10 4.09E-10
 2.4  4.09E-12 2.41E-11 5.54E-11 9.98E-11 1.49E-10 2.44E-10 3.58E-10
 2.5  3.54E-12 2.09E-11 4.85E-11 8.72E-11 1.29E-10 2.13E-10 3.13E-10
 2.6  3.07E-12 1.82E-11 4.28E-11 7.63E-11 1.12E-10 1.85E-10 2.73E-10
 2.7  2.69E-12 1.58E-11 3.84E-11 6.72E-11 9.76E-11 1.62E-10 2.38E-10
 2.8  2.37E-12 1.38E-11 3.53E-11 5.99E-11 8.47E-11 1.41E-10 2.08E-10
 2.9  2.11E-12 1.20E-11 3.32E-11 5.39E-11 7.34E-11 1.22E-10 1.81E-10
 3.0  1.89E-12 1.04E-11 3.16E-11 4.90E-11 6.37E-11 1.06E-10 1.58E-10
 3.1  1.69E-12 9.02E-12 3.00E-11 4.45E-11 5.52E-11 9.26E-11 1.38E-10
 3.2  1.50E-12 7.84E-12 2.83E-11 4.05E-11 4.78E-11 8.04E-11 1.20E-10
 3.3  1.34E-12 6.83E-12 2.65E-11 3.70E-11 4.13E-11 6.98E-11 1.04E-10
 3.4  1.19E-12 5.98E-12 2.47E-11 3.40E-11 3.58E-11 6.06E-11 9.07E-11
 3.5  1.05E-12 5.27E-12 2.29E-11 3.18E-11 3.09E-11 5.25E-11 7.89E-11
 3.6  9.26E-13 4.69E-12 2.10E-11 3.00E-11 2.66E-11 4.55E-11 6.85E-11
 3.7  8.10E-13 4.21E-12 1.91E-11 2.86E-11 2.30E-11 3.94E-11 5.95E-11
 3.8  7.05E-13 3.79E-12 1.73E-11 2.70E-11 1.98E-11 3.40E-11 5.16E-11
 3.9  6.11E-13 3.42E-12 1.58E-11 2.51E-11 1.70E-11 2.94E-11 4.46E-11
 4.0  5.28E-13 3.08E-12 1.46E-11 2.29E-11 1.46E-11 2.54E-11 3.88E-11
 4.1  4.62E-13 2.77E-12 1.36E-11 2.08E-11 1.25E-11 2.19E-11 3.35E-11
 4.2  4.32E-13 2.54E-12 1.27E-11 1.96E-11 1.07E-11 1.89E-11 2.90E-11
 4.3  4.93E-13 2.49E-12 1.19E-11 2.05E-11 9.14E-12 1.63E-11 2.50E-11
 4.4  7.40E-13 2.90E-12 1.18E-11 2.45E-11 7.79E-12 1.40E-11 2.16E-11
 4.5  1.27E-12 4.20E-12 1.32E-11 3.12E-11 6.62E-12 1.20E-11 1.86E-11
 4.6  2.11E-12 6.73E-12 1.69E-11 3.88E-11 5.61E-12 1.03E-11 1.61E-11
 4.7  3.16E-12 1.04E-11 2.28E-11 4.52E-11 4.76E-12 8.82E-12 1.38E-11
 4.8  4.22E-12 1.45E-11 2.96E-11 4.86E-11 4.02E-12 7.55E-12 1.19E-11
 4.9  5.07E-12 1.81E-11 3.55E-11 4.84E-11 3.38E-12 6.45E-12 1.02E-11
 5.0  5.55E-12 2.05E-11 3.89E-11 4.54E-11 2.85E-12 5.50E-12 8.76E-12
 5.1  5.60E-12 2.11E-11 3.94E-11 4.03E-11 2.39E-12 4.69E-12 7.49E-12
 5.2  5.29E-12 2.03E-11 3.73E-11 3.44E-11 2.00E-12 3.99E-12 6.41E-12
 5.3  4.72E-12 1.83E-11 3.34E-11 2.85E-11 1.67E-12 3.39E-12 5.48E-12
 5.4  4.04E-12 1.57E-11 2.85E-11 2.30E-11 1.39E-12 2.87E-12 4.67E-12
 5.5  3.33E-12 1.30E-11 2.35E-11 1.82E-11 1.15E-12 2.43E-12 3.98E-12
 5.6  2.66E-12 1.04E-11 1.88E-11 1.42E-11 9.54E-13 2.05E-12 3.38E-12
 5.7  2.08E-12 8.17E-12 1.47E-11 1.10E-11 7.97E-13 1.73E-12 2.87E-12
 5.8  1.60E-12 6.26E-12 1.13E-11 8.36E-12 7.01E-13 1.48E-12 2.43E-12
 5.9  1.21E-12 4.72E-12 8.53E-12 6.30E-12 7.11E-13 1.31E-12 2.05E-12
 6.0  9.01E-13 3.52E-12 6.36E-12 4.72E-12 8.68E-13 1.29E-12 1.73E-12
 6.1  6.68E-13 2.59E-12 4.70E-12 3.51E-12 1.17E-12 1.45E-12 1.45E-12
 6.2  4.91E-13 1.90E-12 3.45E-12 2.59E-12 1.54E-12 1.79E-12 1.22E-12
 6.3  3.60E-13 1.38E-12 2.52E-12 1.91E-12 1.87E-12 2.19E-12 1.02E-12
 6.4  2.57E-13 1.00E-12 1.83E-12 1.40E-12 2.08E-12 2.53E-12 8.46E-13
 6.5  1.86E-13 7.16E-13 1.32E-12 1.02E-12 2.13E-12 2.72E-12 7.02E-13
 6.6  1.34E-13 5.14E-13 9.55E-13 7.47E-13 2.04E-12 2.72E-12 5.80E-13
 6.7  9.64E-14 3.69E-13 6.88E-13 5.46E-13 1.83E-12 2.56E-12 4.77E-13
 6.8  6.93E-14 2.64E-13 4.88E-13 4.00E-13 1.57E-12 2.27E-12 3.91E-13
 6.9  4.98E-14 1.88E-13 3.50E-13 2.93E-13 1.30E-12 1.94E-12 3.17E-13
 7.0  3.57E-14 1.34E-13 2.51E-13 2.09E-13 1.04E-12 1.60E-12 2.58E-13
 7.1  2.56E-14 9.59E-14 1.79E-13 1.53E-13 8.14E-13 1.27E-12 2.07E-13
 7.2  1.83E-14 6.84E-14 1.28E-13 1.12E-13 6.24E-13 9.95E-13 1.66E-13
 7.3  1.32E-14 4.87E-14 9.13E-14 8.19E-14 4.72E-13 7.64E-13 1.32E-13
 7.4  9.43E-15 3.47E-14 6.53E-14 6.00E-14 3.52E-13 5.78E-13 1.04E-13
 7.5  6.77E-15 2.47E-14 4.66E-14 4.40E-14 2.61E-13 4.33E-13 8.21E-14
 7.6  4.86E-15 1.76E-14 3.33E-14 3.23E-14 1.91E-13 3.21E-13 6.41E-14
 7.7  3.50E-15 1.26E-14 2.38E-14 2.37E-14 1.40E-13 2.37E-13 4.99E-14
 7.8  2.52E-15 8.97E-15 1.70E-14 1.74E-14 1.00E-13 1.74E-13 3.85E-14
 7.9  1.82E-15 6.40E-15 1.22E-14 1.28E-14 7.27E-14 1.24E-13 2.95E-14
 8.0  1.31E-15 4.57E-15 8.71E-15 9.40E-15 5.25E-14 9.00E-14 2.26E-14
 8.1  9.54E-16 3.27E-15 6.24E-15 6.91E-15 3.77E-14 6.52E-14 1.71E-14
 8.2  6.95E-16 2.34E-15 4.48E-15 5.08E-15 2.71E-14 4.69E-14 1.29E-14
 8.3  5.09E-16 1.68E-15 3.22E-15 3.73E-15 1.95E-14 3.38E-14 9.73E-15
 8.4  3.75E-16 1.21E-15 2.32E-15 2.75E-15 1.40E-14 2.44E-14 7.28E-15
 8.5  2.78E-16 8.73E-16 1.67E-15 2.03E-15 1.00E-14 1.76E-14 5.43E-15
 8.6  2.07E-16 6.33E-16 1.21E-15 1.50E-15 7.16E-15 1.27E-14 4.03E-15
 8.7  1.56E-16 4.60E-16 8.82E-16 1.11E-15 5.13E-15 9.11E-15 2.98E-15
 8.8  1.19E-16 3.36E-16 6.44E-16 8.21E-16 3.68E-15 6.56E-15 2.20E-15
 8.9  9.14E-17 2.48E-16 4.73E-16 6.11E-16 2.64E-15 4.73E-15 1.61E-15
 9.0  7.11E-17 1.83E-16 3.49E-16 4.56E-16 1.89E-15 3.41E-15 1.18E-15
