#
#TOTAL ELECTRON-ION RECOMBINATION RATE COEFFICIENTS FOR OXYGEN IONS
#
#-------------------------------------------------------------------------
#Ref: "Electron-ion recombination rate coefficients, photoionization
#cross sections, and ionization fractions for astrophysically abundant 
#elements II. Oxygen Ions", Sultana N. Nahar APJS (in press, 1998)
#
#-------------------------------------------------------------------------
#
#                            TABLE
#
# Total Recombination Rate Coefficients (rrc) in cm3s-1
# No of Temperature=  81
#
# ----------------------------------------------------------------------------
#
# logT   O I      O II     O III   O IV      O V      O VI     O VII  O VIII
#
# ----------------------------------------------------------------------------
#
 1.0  2.91E-11 1.45E-10 4.49E-10 6.91E-10 1.02E-09 1.41E-09 2.11E-09 2.90E-09
 1.1  2.53E-11 1.27E-10 3.96E-10 6.08E-10 9.01E-10 1.25E-09 1.86E-09 2.56E-09
 1.2  2.20E-11 1.11E-10 3.48E-10 5.35E-10 7.91E-10 1.10E-09 1.64E-09 2.26E-09
 1.3  1.91E-11 9.71E-11 3.06E-10 4.69E-10 6.95E-10 9.63E-10 1.44E-09 2.00E-09
 1.4  1.65E-11 8.48E-11 2.69E-10 4.12E-10 6.11E-10 8.45E-10 1.27E-09 1.76E-09
 1.5  1.43E-11 7.39E-11 2.37E-10 3.61E-10 5.36E-10 7.42E-10 1.12E-09 1.55E-09
 1.6  1.24E-11 6.45E-11 2.08E-10 3.16E-10 4.69E-10 6.50E-10 9.80E-10 1.36E-09
 1.7  1.07E-11 5.62E-11 1.83E-10 2.77E-10 4.11E-10 5.69E-10 8.60E-10 1.20E-09
 1.8  9.28E-12 4.88E-11 1.60E-10 2.43E-10 3.59E-10 4.99E-10 7.55E-10 1.05E-09
 1.9  8.01E-12 4.26E-11 1.41E-10 2.13E-10 3.14E-10 4.36E-10 6.61E-10 9.26E-10
 2.0  6.91E-12 3.70E-11 1.23E-10 1.86E-10 2.74E-10 3.81E-10 5.79E-10 8.12E-10
 2.1  5.96E-12 3.21E-11 1.08E-10 1.63E-10 2.40E-10 3.32E-10 5.07E-10 7.12E-10
 2.2  5.12E-12 2.79E-11 9.49E-11 1.42E-10 2.09E-10 2.90E-10 4.44E-10 6.23E-10
 2.3  4.41E-12 2.42E-11 8.33E-11 1.25E-10 1.82E-10 2.53E-10 3.87E-10 5.46E-10
 2.4  3.79E-12 2.10E-11 7.30E-11 1.09E-10 1.59E-10 2.20E-10 3.39E-10 4.78E-10
 2.5  3.25E-12 1.82E-11 6.40E-11 9.66E-11 1.38E-10 1.92E-10 2.96E-10 4.18E-10
 2.6  2.78E-12 1.57E-11 5.60E-11 8.62E-11 1.20E-10 1.67E-10 2.58E-10 3.65E-10
 2.7  2.38E-12 1.36E-11 4.89E-11 7.79E-11 1.05E-10 1.45E-10 2.25E-10 3.19E-10
 2.8  2.03E-12 1.18E-11 4.24E-11 7.12E-11 9.11E-11 1.26E-10 1.96E-10 2.78E-10
 2.9  1.73E-12 1.03E-11 3.67E-11 6.55E-11 7.91E-11 1.09E-10 1.70E-10 2.43E-10
 3.0  1.48E-12 9.06E-12 3.15E-11 6.05E-11 6.87E-11 9.47E-11 1.49E-10 2.12E-10
 3.1  1.26E-12 8.00E-12 2.70E-11 5.64E-11 5.96E-11 8.21E-11 1.29E-10 1.85E-10
 3.2  1.07E-12 7.09E-12 2.31E-11 5.32E-11 5.16E-11 7.12E-11 1.12E-10 1.61E-10
 3.3  9.06E-13 6.28E-12 1.99E-11 5.06E-11 4.47E-11 6.16E-11 9.75E-11 1.40E-10
 3.4  7.68E-13 5.55E-12 1.74E-11 4.84E-11 3.87E-11 5.33E-11 8.47E-11 1.22E-10
 3.5  6.54E-13 4.89E-12 1.56E-11 4.62E-11 3.35E-11 4.61E-11 7.35E-11 1.06E-10
 3.6  5.58E-13 4.29E-12 1.46E-11 4.38E-11 2.91E-11 3.98E-11 6.37E-11 9.22E-11
 3.7  4.79E-13 3.75E-12 1.41E-11 4.11E-11 2.57E-11 3.44E-11 5.52E-11 8.01E-11
 3.8  4.14E-13 3.28E-12 1.39E-11 3.82E-11 2.30E-11 2.96E-11 4.78E-11 6.95E-11
 3.9  3.60E-13 2.87E-12 1.37E-11 3.52E-11 2.11E-11 2.55E-11 4.13E-11 6.03E-11
 4.0  3.14E-13 2.52E-12 1.33E-11 3.24E-11 1.96E-11 2.20E-11 3.57E-11 5.22E-11
 4.1  2.75E-13 2.21E-12 1.26E-11 2.98E-11 1.85E-11 1.89E-11 3.08E-11 4.53E-11
 4.2  2.46E-13 1.97E-12 1.17E-11 2.76E-11 1.77E-11 1.62E-11 2.66E-11 3.92E-11
 4.3  2.49E-13 1.83E-12 1.07E-11 2.58E-11 1.81E-11 1.38E-11 2.29E-11 3.39E-11
 4.4  3.45E-13 1.90E-12 9.98E-12 2.47E-11 2.06E-11 1.18E-11 1.97E-11 2.93E-11
 4.5  6.26E-13 2.42E-12 1.01E-11 2.59E-11 2.60E-11 1.01E-11 1.70E-11 2.53E-11
 4.6  1.16E-12 3.63E-12 1.18E-11 3.20E-11 3.36E-11 8.60E-12 1.46E-11 2.18E-11
 4.7  1.90E-12 5.62E-12 1.56E-11 4.50E-11 4.15E-11 7.30E-12 1.25E-11 1.88E-11
 4.8  2.72E-12 8.17E-12 2.13E-11 6.39E-11 4.74E-11 6.19E-12 1.07E-11 1.62E-11
 4.9  3.41E-12 1.08E-11 2.76E-11 8.43E-11 5.00E-11 5.24E-12 9.18E-12 1.39E-11
 5.0  3.84E-12 1.30E-11 3.32E-11 1.01E-10 4.91E-11 4.43E-12 7.85E-12 1.19E-11
 5.1  3.96E-12 1.43E-11 3.69E-11 1.10E-10 4.54E-11 3.73E-12 6.70E-12 1.03E-11
 5.2  3.80E-12 1.45E-11 3.83E-11 1.10E-10 3.99E-11 3.13E-12 5.71E-12 8.78E-12
 5.3  3.44E-12 1.38E-11 3.74E-11 1.03E-10 3.39E-11 2.63E-12 4.86E-12 7.51E-12
 5.4  2.96E-12 1.24E-11 3.47E-11 9.16E-11 2.79E-11 2.20E-12 4.13E-12 6.42E-12
 5.5  2.46E-12 1.07E-11 3.08E-11 7.77E-11 2.25E-11 1.83E-12 3.50E-12 5.48E-12
 5.6  1.98E-12 8.82E-12 2.63E-11 6.36E-11 1.80E-11 1.52E-12 2.96E-12 4.67E-12
 5.7  1.55E-12 7.10E-12 2.18E-11 5.06E-11 1.42E-11 1.26E-12 2.50E-12 3.97E-12
 5.8  1.20E-12 5.57E-12 1.76E-11 3.94E-11 1.10E-11 1.05E-12 2.11E-12 3.37E-12
 5.9  9.06E-13 4.29E-12 1.38E-11 3.01E-11 8.53E-12 9.07E-13 1.80E-12 2.85E-12
 6.0  6.79E-13 3.25E-12 1.07E-11 2.26E-11 6.55E-12 8.77E-13 1.57E-12 2.40E-12
 6.1  5.04E-13 2.43E-12 8.11E-12 1.68E-11 4.97E-12 1.02E-12 1.47E-12 2.03E-12
 6.2  3.71E-13 1.80E-12 6.08E-12 1.24E-11 3.76E-12 1.35E-12 1.52E-12 1.71E-12
 6.3  2.72E-13 1.33E-12 4.52E-12 9.08E-12 2.81E-12 1.79E-12 1.69E-12 1.43E-12
 6.4  1.98E-13 9.70E-13 3.32E-12 6.61E-12 2.09E-12 2.22E-12 1.92E-12 1.20E-12
 6.5  1.41E-13 7.07E-13 2.43E-12 4.79E-12 1.56E-12 2.52E-12 2.10E-12 9.96E-13
 6.6  1.02E-13 5.05E-13 1.77E-12 3.46E-12 1.15E-12 2.63E-12 2.18E-12 8.27E-13
 6.7  7.35E-14 3.64E-13 1.28E-12 2.50E-12 8.58E-13 2.55E-12 2.12E-12 6.84E-13
 6.8  5.27E-14 2.63E-13 9.24E-13 1.80E-12 6.33E-13 2.32E-12 1.96E-12 5.63E-13
 6.9  3.78E-14 1.89E-13 6.59E-13 1.30E-12 4.72E-13 2.01E-12 1.72E-12 4.61E-13
 7.0  2.72E-14 1.35E-13 4.73E-13 9.00E-13 3.53E-13 1.68E-12 1.46E-12 3.75E-13
 7.1  1.95E-14 9.69E-14 3.39E-13 6.43E-13 2.36E-13 1.36E-12 1.20E-12 3.05E-13
 7.2  1.40E-14 6.95E-14 2.42E-13 4.60E-13 1.75E-13 1.07E-12 9.52E-13 2.45E-13
 7.3  1.00E-14 4.98E-14 1.73E-13 3.26E-13 1.30E-13 8.22E-13 7.43E-13 1.96E-13
 7.4  7.19E-15 3.57E-14 1.23E-13 2.33E-13 9.50E-14 6.24E-13 5.72E-13 1.57E-13
 7.5  5.16E-15 2.55E-14 8.81E-14 1.66E-13 7.10E-14 4.68E-13 4.33E-13 1.24E-13
 7.6  3.71E-15 1.83E-14 6.29E-14 1.19E-13 5.31E-14 3.47E-13 3.26E-13 9.76E-14
 7.7  2.67E-15 1.31E-14 4.48E-14 8.48E-14 3.99E-14 2.56E-13 2.43E-13 7.63E-14
 7.8  1.92E-15 9.41E-15 3.20E-14 6.06E-14 3.00E-14 1.88E-13 1.80E-13 5.93E-14
 7.9  1.39E-15 6.76E-15 2.28E-14 4.34E-14 2.26E-14 1.32E-13 1.33E-13 4.59E-14
 8.0  1.00E-15 4.86E-15 1.63E-14 3.11E-14 1.71E-14 9.59E-14 9.42E-14 3.51E-14
 8.1  7.27E-16 3.50E-15 1.16E-14 2.23E-14 1.29E-14 6.93E-14 6.89E-14 2.70E-14
 8.2  5.29E-16 2.53E-15 8.30E-15 1.61E-14 9.76E-15 4.96E-14 5.03E-14 2.05E-14
 8.3  3.87E-16 1.83E-15 5.93E-15 1.16E-14 7.40E-15 3.57E-14 3.63E-14 1.55E-14
 8.4  2.85E-16 1.33E-15 4.25E-15 8.40E-15 5.62E-15 2.57E-14 2.64E-14 1.16E-14
 8.5  2.11E-16 9.71E-16 3.04E-15 6.11E-15 4.28E-15 1.85E-14 1.91E-14 8.72E-15
 8.6  1.57E-16 7.12E-16 2.18E-15 4.47E-15 3.27E-15 1.33E-14 1.39E-14 6.51E-15
 8.7  1.18E-16 5.25E-16 1.57E-15 3.29E-15 2.51E-15 9.55E-15 1.01E-14 4.83E-15
 8.8  8.97E-17 3.89E-16 1.13E-15 2.43E-15 1.93E-15 6.87E-15 7.31E-15 3.58E-15
 8.9  6.88E-17 2.91E-16 8.20E-16 1.82E-15 1.50E-15 4.95E-15 5.30E-15 2.64E-15
 9.0  5.33E-17 2.20E-16 5.96E-16 1.37E-15 1.17E-15 3.58E-15 3.85E-15 1.93E-15
# ----------------------------------------------------------------------------
